unittests/MapWinGISTests/Testdata/Issues/MWGIS-94/test.asc
NCOLS 260
NROWS 181
XLLCENTER 125022.500000
YLLCENTER 463067.500000
DX 5
DY 5
NODATA_VALUE -999
[rows 33 to 65 of 181, columns 74 to 147 of 260]
-1.648 -1.628 -1.629 -1.631 -1.636 -1.709 -1.618 -999 -999 -1.513 -1.47 -1.462 -999 -999 -999 -999 -999 -999 -999 -1.297 -1.326 -1.407 -1.749 -1.845 -1.791 -1.813 -1.871 -999 -999 -2.149 -1.875 -1.738 -1.82 -999 -999 -1.717 -1.768 -1.907 -1.85 -1.694 -1.698 -1.696 -1.691 -1.637 -1.702 -1.78 -1.809 -1.751 -1.755 -1.89 -1.988 -999 -1.949 -1.808 -1.745 -1.79 -1.835 -1.856 -1.812 -1.736 -1.611 -1.586 -1.549 -1.451 -999 -999 -1.409 -1.405 -1.389 -1.423 -1.404 -999 -999 -1.482
-1.667 -1.606 -1.572 -1.615 -999 -1.744 -1.686 -1.636 -1.549 -1.473 -999 -999 -999 -999 -999 -999 -999 -1.292 -1.328 -1.383 -1.441 -1.531 -1.711 -1.743 -999 -999 -999 -2.071 -1.956 -1.785 -1.748 -1.692 -1.776 -999 -999 -1.815 -1.706 -1.744 -1.951 -1.67 -1.605 -1.598 -1.644 -1.712 -1.723 -1.715 -1.799 -1.914 -999 -999 -1.882 -1.788 -1.75 -1.798 -1.836 -1.822 -1.776 -1.732 -1.793 -1.751 -1.501 -999 -999 -1.573 -999 -999 -999 -1.41 -1.39 -999 -999 -999 -999 -999
-1.697 -1.581 -1.559 -1.649 -1.767 -1.762 -1.673 -1.59 -1.493 -999 -999 -999 -999 -999 -999 -1.345 -1.352 -1.408 -1.483 -1.601 -1.735 -1.971 -1.773 -1.765 -1.894 -1.759 -1.81 -1.693 -1.722 -1.737 -1.744 -1.741 -1.759 -1.866 -999 -999 -1.726 -1.694 -1.75 -1.833 -1.566 -1.582 -1.841 -1.923 -1.882 -1.74 -1.903 -999 -1.861 -1.774 -1.752 -1.752 -1.812 -1.852 -1.772 -1.745 -1.538 -1.474 -1.739 -1.794 -1.621 -1.502 -999 -1.597 -999 -999 -999 -999 -999 -999 -999 -999 -999 -999
-1.708 -1.581 -999 -1.625 -1.739 -1.749 -1.693 -1.611 -1.51 -999 -999 -999 -999 -1.404 -1.453 -1.595 -1.706 -1.765 -1.816 -1.685 -1.712 -1.74 -1.566 -1.683 -1.779 -1.79 -1.782 -1.74 -1.722 -1.744 -1.752 -1.769 -999 -999 -999 -999 -1.922 -1.673 -1.725 -1.743 -1.687 -1.794 -1.834 -1.465 -1.59 -999 -1.996 -1.79 -1.743 -1.78 -1.8 -1.829 -1.844 -1.75 -1.861 -1.85 -1.515 -1.425 -1.661 -1.809 -1.755 -1.597 -1.644 -1.668 -999 -999 -999 -999 -999 -999 -999 -999 -999 -999
-1.684 -1.597 -999 -1.62 -1.691 -1.78 -1.774 -1.707 -1.583 -999 -999 -1.413 -1.513 -1.676 -1.934 -1.757 -1.585 -1.534 -1.545 -1.709 -1.784 -1.789 -1.757 -1.612 -1.763 -1.761 -1.755 -1.739 -1.742 -1.721 -1.715 -1.678 -1.618 -1.528 -999 -1.834 -999 -1.794 -1.726 -1.752 -1.931 -1.713 -1.474 -1.578 -1.831 -1.75 -1.649 -1.789 -1.812 -1.851 -1.894 -1.949 -1.933 -1.792 -1.592 -1.735 -1.637 -999 -999 -1.739 -1.779 -1.715 -1.671 -999 -999 -999 -999 -999 -999 -999 -999 -1.387 -1.407 -999
-1.623 -1.593 -1.579 -999 -1.652 -1.837 -1.876 -1.786 -1.619 -1.483 -1.524 -1.683 -1.801 -1.669 -1.628 -1.613 -1.627 -1.68 -1.667 -1.767 -1.856 -1.78 -1.739 -1.702 -1.776 -1.743 -1.741 -1.729 -1.711 -1.685 -1.693 -1.529 -1.419 -1.386 -1.325 -1.397 -999 -999 -1.679 -1.694 -1.793 -1.743 -1.779 -1.769 -1.701 -1.708 -1.795 -1.832 -1.872 -1.938 -999 -999 -1.702 -1.68 -1.679 -1.591 -1.835 -1.569 -999 -999 -1.682 -1.643 -999 -999 -999 -999 -999 -999 -999 -1.398 -1.392 -1.409 -999 -999
-1.679 -1.599 -999 -999 -1.629 -1.899 -1.985 -1.811 -1.57 -1.589 -1.971 -1.756 -1.571 -1.572 -1.593 -1.612 -1.654 -1.698 -1.683 -1.895 -1.941 -999 -1.569 -1.631 -1.768 -1.699 -1.637 -1.659 -1.706 -1.668 -1.526 -1.336 -999 -999 -999 -1.166 -1.552 -999 -1.446 -1.634 -1.755 -1.846 -1.789 -1.719 -1.711 -1.77 -1.855 -1.911 -1.831 -1.591 -1.573 -1.762 -1.726 -1.711 -1.686 -1.602 -1.674 -1.691 -999 -999 -1.54 -999 -999 -999 -999 -999 -999 -999 -1.392 -999 -999 -999 -999 -999
-1.722 -1.648 -1.645 -1.685 -1.738 -1.944 -999 -999 -999 -1.81 -1.97 -2.108 -1.653 -1.635 -1.671 -1.806 -1.894 -1.96 -999 -999 -999 -999 -999 -1.616 -1.673 -1.717 -1.596 -1.519 -1.502 -1.442 -999 -999 -999 -999 -999 -1.211 -1.256 -1.19 -1.461 -1.595 -1.712 -1.797 -1.831 -1.767 -1.743 -1.83 -1.897 -1.527 -1.402 -1.565 -1.847 -1.728 -1.693 -1.733 -1.661 -1.566 -1.569 -1.698 -1.669 -999 -999 -999 -999 -999 -999 -999 -999 -1.472 -999 -999 -999 -1.479 -1.45 -999
-1.73 -1.728 -1.722 -1.827 -2.045 -2.175 -2.14 -1.949 -1.738 -1.876 -1.791 -1.93 -1.922 -1.636 -1.828 -2.042 -999 -999 -999 -999 -999 -999 -999 -1.574 -1.685 -1.747 -1.582 -1.444 -1.261 -999 -999 -999 -999 -1.19 -1.244 -1.337 -1.361 -1.797 -999 -1.978 -1.686 -1.734 -1.847 -1.82 -1.979 -1.668 -1.426 -1.625 -1.797 -999 -1.724 -1.733 -1.749 -1.722 -1.686 -1.669 -1.61 -1.669 -999 -1.599 -1.468 -1.528 -999 -999 -999 -1.686 -999 -999 -999 -1.483 -1.473 -1.418 -999 -999
-1.836 -1.918 -2.191 -999 -999 -1.899 -1.665 -1.746 -1.834 -1.919 -1.912 -1.847 -1.923 -1.93 -999 -999 -999 -999 -999 -999 -999 -999 -999 -1.433 -1.613 -1.669 -1.572 -1.41 -1.21 -1.021 -999 -1.184 -1.22 -1.326 -1.435 -1.58 -1.638 -1.635 -999 -999 -1.887 -1.693 -1.83 -1.893 -1.598 -1.435 -1.755 -1.912 -999 -999 -1.592 -1.73 -1.749 -1.688 -1.476 -1.707 -1.979 -1.794 -1.968 -999 -1.604 -1.596 -999 -1.645 -999 -999 -999 -999 -1.466 -1.441 -1.423 -999 -999 -999
-2.255 -999 -999 -999 -1.873 -1.709 -1.739 -1.909 -1.829 -1.704 -1.772 -1.754 -1.71 -1.642 -999 -999 -999 -999 -999 -999 -999 -999 -999 -999 -1.517 -1.584 -1.525 -1.46 -1.388 -1.339 -1.347 -1.325 -1.394 -1.527 -1.608 -1.716 -1.824 -999 -999 -999 -999 -1.852 -1.798 -1.843 -1.816 -1.811 -1.882 -999 -999 -1.538 -1.683 -1.828 -999 -999 -1.757 -1.808 -1.824 -1.825 -1.782 -2.004 -1.845 -999 -1.639 -1.646 -999 -999 -999 -1.42 -1.415 -999 -999 -999 -999 -999
-999 -999 -1.867 -1.802 -1.807 -1.861 -1.911 -1.865 -2.006 -1.694 -1.623 -1.63 -1.713 -1.554 -1.555 -999 -999 -999 -999 -999 -999 -999 -999 -999 -1.482 -1.557 -1.571 -1.594 -1.565 -1.552 -1.533 -1.467 -1.55 -1.726 -1.909 -999 -999 -999 -999 -999 -999 -2.065 -1.778 -1.763 -1.881 -1.793 -999 -999 -1.651 -1.714 -1.866 -1.861 -1.779 -1.761 -1.816 -1.832 -1.841 -1.832 -1.777 -1.929 -999 -999 -999 -999 -999 -999 -999 -1.469 -999 -999 -999 -999 -999 -999
-1.872 -1.772 -1.803 -1.844 -1.82 -1.842 -1.877 -1.835 -1.981 -1.646 -1.471 -1.519 -1.623 -1.668 -1.525 -999 -999 -999 -999 -999 -999 -999 -1.592 -1.676 -1.741 -1.648 -1.715 -1.728 -1.789 -1.748 -1.664 -1.762 -2.021 -999 -999 -999 -999 -1.831 -1.769 -1.802 -999 -999 -1.96 -1.735 -1.784 -1.814 -1.761 -1.804 -1.847 -1.86 -1.616 -1.702 -1.709 -1.695 -1.793 -1.838 -1.845 -1.855 -1.858 -1.761 -1.966 -999 -999 -999 -1.66 -999 -999 -999 -999 -999 -999 -999 -999 -999
-1.84 -1.839 -1.837 -1.858 -1.848 -1.854 -1.854 -1.839 -1.887 -1.996 -1.426 -1.461 -1.525 -1.6 -1.579 -1.519 -999 -999 -999 -999 -1.676 -1.734 -1.799 -1.845 -1.803 -1.639 -1.68 -1.738 -1.844 -999 -999 -999 -999 -999 -1.792 -1.695 -1.614 -1.625 -1.647 -1.63 -1.723 -999 -999 -1.828 -1.709 -1.768 -1.842 -1.92 -1.717 -1.702 -1.641 -1.674 -999 -999 -1.767 -1.82 -1.853 -1.861 -1.826 -1.884 -999 -1.75 -1.852 -1.591 -1.371 -999 -999 -999 -999 -999 -999 -999 -999 -999
-1.87 -1.855 -1.855 -1.849 -1.829 -1.839 -1.833 -1.843 -1.819 -1.985 -1.58 -1.375 -1.394 -1.419 -1.546 -1.52 -999 -999 -1.672 -1.76 -1.829 -1.839 -1.77 -1.721 -1.75 -1.768 -1.819 -999 -999 -999 -999 -999 -1.729 -1.612 -1.537 -1.556 -1.671 -1.813 -1.849 -1.615 -1.554 -1.753 -999 -999 -1.81 -1.72 -1.898 -1.816 -1.712 -1.666 -1.593 -1.621 -1.567 -999 -999 -1.808 -1.834 -1.842 -999 -999 -999 -1.623 -999 -1.558 -1.478 -1.313 -999 -999 -999 -999 -999 -999 -999 -999
-1.859 -1.837 -1.843 -1.865 -1.868 -1.843 -1.827 -1.841 -1.824 -1.849 -1.799 -1.306 -1.252 -1.231 -1.395 -1.498 -1.499 -1.616 -1.78 -1.837 -1.791 -1.728 -1.786 -1.824 -1.997 -999 -999 -999 -999 -1.906 -1.772 -1.613 -1.575 -1.594 -1.707 -1.841 -999 -999 -999 -1.867 -1.571 -1.828 -999 -999 -999 -1.784 -1.786 -1.86 -1.729 -1.635 -1.611 -999 -999 -1.592 -1.726 -1.784 -1.894 -999 -999 -1.66 -1.582 -999 -999 -1.782 -1.443 -1.285 -999 -1.47 -999 -999 -999 -999 -1.465 -1.501
-1.847 -1.877 -1.89 -1.88 -1.833 -1.81 -1.822 -1.808 -1.818 -1.944 -1.912 -1.439 -1.193 -1.306 -1.333 -1.362 -1.469 -1.572 -1.71 -1.769 -1.768 -1.931 -999 -999 -999 -999 -999 -1.859 -1.81 -1.724 -1.711 -1.72 -1.788 -999 -999 -999 -999 -999 -999 -1.835 -1.61 -1.805 -999 -999 -999 -1.943 -1.788 -1.805 -1.773 -1.687 -1.627 -1.58 -999 -1.638 -1.844 -999 -999 -1.609 -1.576 -1.675 -1.637 -999 -999 -1.882 -999 -999 -999 -1.545 -999 -999 -999 -1.483 -1.531 -1.694
-1.868 -1.859 -1.857 -1.853 -1.827 -1.803 -1.81 -1.962 -1.985 -1.699 -1.438 -1.459 -1.421 -1.363 -1.346 -1.394 -1.44 -1.545 -1.657 -1.691 -1.735 -999 -999 -999 -999 -1.782 -1.656 -1.661 -1.753 -1.849 -1.907 -999 -999 -999 -999 -999 -999 -1.821 -1.758 -1.612 -1.605 -1.818 -999 -999 -999 -999 -1.885 -1.751 -1.796 -1.751 -1.676 -1.62 -1.695 -1.86 -999 -1.704 -1.696 -1.951 -1.78 -1.764 -1.738 -1.679 -999 -999 -999 -999 -999 -999 -1.592 -999 -1.494 -1.591 -1.727 -1.847
-1.836 -1.816 -1.838 -1.83 -1.889 -1.962 -1.854 -1.474 -1.258 -1.437 -1.387 -1.361 -1.298 -1.46 -1.519 -1.567 -1.495 -1.55 -1.639 -1.667 -999 -999 -999 -1.669 -1.594 -1.61 -1.722 -1.833 -999 -999 -999 -999 -999 -999 -999 -1.707 -1.567 -1.567 -1.63 -1.666 -1.739 -999 -999 -999 -999 -999 -999 -1.806 -1.732 -1.839 -1.795 -1.815 -999 -1.613 -999 -1.615 -1.744 -1.811 -1.752 -1.859 -1.843 -1.751 -1.711 -999 -1.561 -999 -999 -999 -1.67 -1.773 -1.695 -1.753 -1.773 -1.813
-1.806 -1.804 -1.964 -2.037 -1.729 -1.441 -1.376 -1.376 -1.364 -1.384 -1.439 -1.474 -1.632 -1.825 -1.832 -1.748 -1.715 -1.748 -1.758 -1.797 -999 -999 -1.657 -1.621 -1.755 -1.853 -999 -999 -999 -999 -999 -999 -1.679 -1.603 -999 -1.614 -1.56 -1.741 -1.847 -999 -999 -999 -999 -999 -1.768 -999 -999 -1.977 -1.755 -1.777 -1.945 -999 -1.56 -999 -1.491 -1.627 -1.738 -1.803 -1.846 -1.829 -999 -999 -999 -999 -999 -999 -1.59 -1.599 -1.717 -1.927 -1.829 -1.703 -1.52 -999
-1.863 -1.989 -1.702 -1.507 -1.452 -1.409 -1.27 -1.346 -1.541 -1.692 -1.77 -1.849 -1.911 -1.923 -1.855 -1.794 -1.843 -1.832 -1.796 -1.882 -999 -1.909 -1.684 -1.795 -999 -999 -999 -999 -999 -1.84 -1.685 -1.532 -999 -1.433 -1.8 -1.8 -1.84 -999 -999 -999 -999 -1.568 -1.469 -1.483 -1.535 -1.687 -999 -999 -1.894 -1.751 -1.797 -1.7 -1.554 -999 -1.553 -1.712 -1.754 -1.834 -1.768 -1.651 -999 -999 -999 -999 -999 -1.629 -1.608 -1.759 -1.955 -1.961 -1.878 -999 -999 -999
-2.133 -1.86 -1.536 -1.341 -1.482 -1.557 -1.569 -1.732 -1.799 -1.862 -1.87 -1.876 -1.833 -1.806 -1.791 -1.821 -1.799 -1.835 -1.824 -1.914 -999 -1.958 -1.706 -1.809 -999 -999 -999 -1.773 -1.686 -1.566 -999 -999 -1.737 -1.758 -999 -999 -999 -999 -999 -1.673 -1.681 -999 -999 -1.442 -1.478 -1.591 -1.755 -999 -999 -1.828 -1.761 -1.741 -1.624 -1.602 -1.628 -1.418 -999 -999 -1.729 -1.621 -999 -999 -999 -999 -1.631 -1.828 -1.943 -1.965 -1.895 -1.665 -999 -999 -999 -999
-999 -2.176 -1.606 -1.581 -1.826 -1.892 -1.913 -1.904 -1.87 -1.82 -1.801 -1.769 -1.758 -1.753 -1.752 -1.791 -1.868 -1.919 -1.811 -1.956 -999 -999 -1.743 -1.712 -1.772 -1.715 -1.631 -1.603 -1.608 -1.643 -1.761 -1.819 -999 -999 -999 -999 -1.785 -1.677 -1.537 -999 -999 -999 -999 -1.34 -1.499 -1.549 -1.673 -1.804 -999 -1.805 -1.751 -1.757 -1.752 -1.574 -1.329 -999 -1.347 -1.379 -1.662 -1.641 -1.543 -999 -1.52 -1.639 -1.809 -1.873 -1.899 -1.791 -999 -999 -999 -999 -999 -999
-2.026 -1.879 -1.861 -1.952 -1.973 -1.928 -1.844 -1.809 -1.792 -1.777 -1.76 -1.739 -1.756 -1.8 -1.87 -1.848 -1.808 -1.797 -1.85 -1.909 -999 -999 -1.915 -1.651 -1.604 -1.617 -1.661 -1.734 -1.79 -999 -999 -999 -999 -999 -1.804 -1.717 -1.637 -1.605 -1.578 -999 -999 -999 -1.385 -1.452 -1.492 -1.57 -1.632 -1.629 -999 -999 -1.75 -1.726 -1.669 -1.446 -999 -999 -1.356 -1.547 -1.711 -1.656 -1.547 -1.616 -1.759 -1.833 -1.829 -1.747 -999 -1.387 -999 -999 -999 -999 -1.32 -1.322
-1.925 -1.928 -1.903 -1.85 -1.822 -1.815 -1.792 -1.793 -1.783 -1.744 -1.796 -1.867 -1.869 -1.826 -1.8 -1.795 -1.772 -1.771 -1.853 -1.876 -2.007 -999 -999 -1.917 -1.82 -1.831 -1.976 -999 -999 -999 -999 -999 -999 -1.896 -1.698 -1.653 -1.605 -1.588 -999 -1.313 -1.258 -1.429 -1.486 -1.544 -1.577 -1.622 -1.675 -1.653 -999 -999 -999 -1.729 -1.683 -1.613 -1.333 -1.618 -1.619 -1.682 -1.685 -1.632 -999 -1.792 -1.814 -1.849 -1.752 -1.687 -999 -999 -1.317 -999 -999 -1.319 -1.238 -1.109
-1.842 -1.831 -1.816 -1.806 -1.798 -1.798 -1.771 -1.794 -1.852 -1.869 -1.869 -1.795 -1.777 -1.778 -1.762 -1.762 -1.757 -1.771 -1.807 -1.816 -1.847 -999 -999 -999 -999 -999 -999 -999 -999 -1.793 -999 -1.879 -999 -1.646 -1.588 -999 -999 -999 -999 -1.461 -1.396 -1.496 -1.595 -1.621 -1.632 -1.631 -1.645 -1.696 -1.48 -999 -999 -1.824 -1.599 -1.67 -1.669 -1.692 -1.658 -1.661 -1.639 -1.779 -1.78 -1.737 -1.71 -1.592 -999 -1.565 -1.438 -999 -1.296 -1.322 -1.328 -999 -0.937 -0.821
-1.819 -1.814 -1.793 -1.778 -1.774 -1.81 -1.865 -1.869 -1.818 -1.798 -1.807 -1.783 -1.761 -1.745 -1.723 -1.716 -1.726 -1.813 -1.823 -1.815 -1.851 -999 -999 -999 -999 -999 -999 -1.76 -1.689 -1.648 -1.634 -1.644 -999 -999 -999 -999 -999 -999 -999 -999 -1.551 -1.606 -999 -1.579 -1.561 -999 -1.414 -1.442 -1.37 -999 -999 -1.797 -1.629 -1.574 -1.625 -1.665 -1.661 -1.66 -1.77 -1.778 -1.661 -1.372 -999 -999 -999 -1.405 -1.481 -999 -999 -999 0.196 -999 0.016 -0.535
-1.785 -1.771 -1.778 -1.81 -1.857 -1.828 -1.797 -1.795 -1.799 -1.766 -1.751 -1.732 -1.701 -1.669 -1.749 -1.881 -2.005 -999 -999 -999 -999 -999 -999 -1.474 -999 -999 -999 -1.646 -1.52 -1.652 -1.602 -999 -999 -999 -999 -999 -1.519 -999 -999 -1.612 -1.671 -999 -1.564 -999 -999 -999 -999 -1.305 -1.247 -1.238 -999 -1.812 -1.709 -1.537 -1.541 -1.58 -1.675 -1.771 -1.786 -1.64 -999 -999 -999 -999 -1.249 -1.335 -1.403 -1.6 -1.67 -0.582 0.186 -999 -999 -0
-1.798 -1.828 -1.819 -1.803 -1.792 -1.789 -1.774 -1.764 -1.75 -1.719 -1.696 -1.732 -1.824 -1.98 -999 -999 -999 -999 -999 -999 -999 -999 -1.622 -1.19 -1.976 -2.03 -1.928 -1.769 -1.648 -1.512 -1.641 -1.628 -999 -1.638 -1.479 -1.563 -1.633 -1.636 -1.63 -1.662 -1.74 -999 -1.481 -999 -999 -1.478 -1.467 -1.32 -999 -999 -999 -1.755 -1.668 -1.579 -1.463 -1.486 -1.61 -1.67 -1.338 -999 -999 -999 -999 -999 -1.273 -1.187 -0.942 -999 -1.567 -1.265 0.092 -999 -999 0.227
-1.815 -1.807 -1.811 -1.794 -1.791 -1.759 -1.737 -1.705 -1.682 -1.768 -1.894 -999 -999 -999 -999 -999 -999 -999 -999 -1.932 -1.827 -1.781 -1.82 -1.895 -1.945 -1.891 -1.875 -1.925 -1.703 -1.583 -1.68 -999 -1.848 -1.863 -1.631 -1.661 -1.718 -1.714 -1.678 -1.681 -1.785 -999 -1.497 -1.458 -1.486 -1.448 -999 -999 -999 -999 -999 -1.665 -1.65 -1.643 -1.451 -1.336 -1.429 -1.245 -1.014 -999 -999 -999 -999 -999 -1.055 -0.776 -999 -999 -999 -1.252 -0.35 0.163 0.25 0.371
-1.804 -1.802 -1.777 -1.748 -1.721 -1.719 -1.725 -1.838 -1.99 -999 -999 -999 -999 -999 -999 -999 -1.88 -1.832 -1.801 -1.735 -1.686 -1.677 -1.724 -1.815 -1.896 -1.886 -1.89 -1.963 -1.912 -1.62 -999 -999 -1.733 -1.672 -1.707 -1.724 -1.719 -1.719 -1.697 -1.696 -1.791 -999 -1.511 -999 -999 -999 -1.775 -999 -999 -999 -1.414 -1.55 -1.616 -1.61 -1.652 -1.289 -1.176 -1.111 -1.093 -999 -0.883 -999 -999 -999 -999 -999 -999 -999 -999 -0.713 -0.251 0.34 0.349 0.208
-1.77 -1.75 -1.735 -1.739 -1.804 -1.906 -2.089 -999 -999 -999 -999 -999 -1.821 -1.821 -1.815 -1.795 -1.771 -1.764 -1.757 -1.73 -1.681 -1.65 -1.705 -1.788 -1.898 -1.892 -1.905 -1.967 -2.049 -1.982 -1.925 -1.811 -1.731 -999 -1.722 -1.697 -1.695 -1.72 -1.705 -1.706 -1.805 -1.851 -999 -999 -999 -1.801 -999 -999 -999 -999 -999 -1.385 -1.543 -999 -1.61 -1.344 -0.992 -0.912 -0.988 -0.937 -0.919 -0.866 -999 -999 -999 -0.109 -999 -999 -0.766 -0.094 0.332 0.276 0.042 -999
-1.716 -1.747 -1.911 -2.032 -999 -999 -999 -999 -999 -1.871 -1.827 -1.802 -1.756 -1.719 -1.699 -1.727 -1.722 -1.746 -1.744 -1.727 -1.708 -1.656 -1.695 -1.759 -1.834 -1.893 -1.959 -1.986 -1.985 -1.99 -1.891 -999 -999 -999 -999 -1.721 -1.794 -1.851 -1.818 -999 -999 -999 -1.74 -1.717 -999 -999 -999 -999 -999 -999 -999 -999 -999 -999 -1.41 -1.393 -1.02 -0.763 -0.806 -0.847 -0.831 -0.268 0.219 -999 -999 -999 -0.033 -0.002 0.236 0.347 0.153 -999 -999 -999
