unittests/MapWinGISTests/Testdata/Issues/MWGIS-94/test.asc
NCOLS 260
NROWS 181
XLLCENTER 125022.500000
YLLCENTER 463067.500000
DX 5
DY 5
NODATA_VALUE -999
[rows 33 to 65 of 181, columns 0 to 73 of 260]
-999 -2.211 -999 -999 -2.121 -1.985 -1.904 -1.809 -1.766 -1.743 -1.778 -1.794 -1.819 -1.839 -1.867 -1.87 -1.863 -1.832 -1.89 -1.922 -1.88 -1.831 -1.843 -1.866 -1.862 -1.845 -1.837 -1.831 -1.815 -1.842 -1.867 -1.87 -1.964 -2.132 -2.28 -999 -999 -999 -2.179 -2.027 -1.841 -1.801 -1.812 -1.826 -1.825 -1.833 -1.827 -1.812 -1.817 -1.82 -1.863 -1.884 -1.881 -1.845 -1.832 -1.829 -1.839 -1.835 -1.811 -1.814 -1.816 -1.79 -1.754 -1.789 -1.932 -2.098 -999 -999 -999 -999 -2.089 -1.981 -999 -999
-999 -999 -2.003 -1.931 -1.814 -1.785 -1.772 -1.732 -1.729 -1.774 -1.815 -1.849 -1.862 -1.859 -1.847 -1.874 -1.889 -1.88 -1.86 -1.893 -1.862 -1.862 -1.851 -1.859 -1.848 -1.825 -1.806 -1.795 -1.843 -2.002 -2.121 -2.235 -999 -999 -999 -2.196 -2.068 -1.878 -1.762 -1.771 -1.805 -1.812 -1.818 -1.835 -1.832 -1.823 -1.819 -1.822 -1.865 -1.886 -1.864 -1.831 -1.835 -1.846 -1.845 -1.823 -1.822 -1.818 -1.804 -1.782 -1.809 -1.887 -2.057 -2.16 -999 -999 -999 -2.101 -2.018 -1.947 -1.853 -1.898 -999 -999
-999 -1.814 -1.794 -1.755 -1.752 -1.751 -1.752 -1.798 -1.826 -1.861 -1.845 -1.838 -1.859 -1.901 -1.877 -1.854 -1.846 -1.864 -1.869 -1.861 -1.856 -1.848 -1.837 -1.838 -1.808 -1.785 -1.857 -2.064 -2.258 -999 -999 -999 -999 -2.2 -1.951 -1.782 -1.776 -1.799 -1.818 -1.82 -1.808 -1.813 -1.803 -1.809 -1.82 -1.863 -1.883 -1.856 -1.824 -1.84 -1.843 -1.84 -1.826 -1.843 -1.832 -1.803 -1.797 -1.775 -1.836 -1.999 -2.146 -999 -999 -999 -999 -2.019 -1.94 -1.898 -999 -999 -999 -1.979 -999 -999
-999 -1.739 -1.729 -1.734 -1.786 -1.838 -1.854 -1.859 -1.851 -1.861 -1.886 -1.907 -1.889 -1.862 -1.85 -1.871 -1.85 -1.845 -1.851 -1.838 -1.825 -1.808 -1.795 -1.801 -1.919 -2.132 -2.307 -999 -999 -999 -999 -2.174 -1.99 -1.79 -1.798 -1.819 -1.808 -1.825 -1.839 -1.84 -1.799 -1.799 -1.846 -1.89 -1.891 -1.841 -1.831 -1.825 -1.832 -1.84 -1.825 -1.814 -1.812 -1.812 -1.766 -1.775 -1.931 -2.061 -2.149 -999 -999 -999 -2.088 -1.963 -1.916 -1.883 -1.872 -1.879 -999 -1.941 -1.909 -1.945 -1.926 -1.844
-999 -1.785 -1.823 -1.844 -1.87 -1.847 -1.854 -1.882 -1.896 -1.901 -1.879 -1.877 -1.878 -1.878 -1.859 -1.847 -1.833 -1.835 -1.819 -1.806 -1.8 -1.872 -2.052 -2.237 -999 -999 -999 -2.184 -2.009 -2 -2.312 -1.859 -1.818 -1.826 -1.837 -1.834 -1.823 -1.823 -1.831 -1.85 -1.873 -1.864 -1.843 -1.826 -1.839 -1.837 -1.84 -1.82 -1.822 -1.821 -1.812 -1.782 -1.772 -1.869 -2.035 -2.127 -999 -999 -999 -2.122 -2.012 -1.934 -1.873 -1.873 -1.878 -1.87 -1.861 -1.875 -1.904 -1.897 -1.891 -1.88 -1.951 -1.888
-999 -1.89 -1.887 -1.851 -1.849 -1.878 -1.905 -1.878 -1.848 -1.867 -1.871 -1.88 -1.871 -1.864 -1.858 -1.837 -1.823 -1.8 -1.803 -1.934 -2.117 -999 -999 -999 -2.197 -2.064 -1.927 -1.829 -1.797 -1.788 -2.058 -2.031 -1.842 -1.845 -1.826 -1.81 -1.811 -1.876 -1.878 -1.857 -1.822 -1.806 -1.811 -1.841 -1.845 -1.833 -1.81 -1.796 -1.781 -1.754 -1.815 -1.95 -2.07 -999 -999 -999 -999 -1.987 -1.899 -1.854 -1.856 -1.867 -1.862 -1.847 -1.856 -1.865 -1.861 -1.887 -1.87 -1.88 -1.877 -1.84 -1.867 -1.92
-999 -1.878 -1.887 -1.897 -1.878 -1.837 -1.846 -1.857 -1.839 -1.857 -1.867 -1.859 -1.852 -1.823 -1.825 -1.809 -1.881 -2.051 -2.244 -999 -999 -2.227 -2.096 -1.969 -1.86 -1.811 -1.787 -1.78 -1.78 -1.784 -1.843 -2.18 -2.012 -1.813 -1.84 -1.879 -1.896 -1.82 -1.806 -1.822 -1.806 -1.815 -1.821 -1.814 -1.826 -1.807 -1.744 -1.785 -1.916 -2.022 -2.146 -999 -999 -999 -2.06 -1.964 -1.857 -1.83 -1.821 -1.818 -1.832 -1.847 -1.854 -1.858 -1.85 -1.842 -1.863 -1.914 -1.884 -1.851 -1.835 -1.823 -1.877 -1.932
-999 -1.928 -1.892 -1.83 -1.843 -1.847 -1.854 -1.849 -1.837 -1.861 -1.85 -1.823 -1.79 -1.823 -1.983 -2.142 -999 -999 -999 -2.103 -1.983 -1.864 -1.817 -1.801 -1.791 -1.788 -1.797 -1.809 -1.811 -1.809 -1.801 -1.931 -2.192 -1.926 -1.824 -1.82 -1.814 -1.81 -1.815 -1.802 -1.792 -1.804 -1.799 -1.802 -1.768 -1.852 -1.991 -2.145 -999 -999 -999 -999 -2.014 -1.885 -1.823 -1.832 -1.81 -1.817 -1.815 -1.828 -1.847 -1.85 -1.852 -1.842 -1.848 -1.862 -1.864 -1.839 -1.877 -1.859 -1.867 -1.845 -999 -1.876
-999 -1.871 -1.849 -1.838 -1.823 -1.828 -1.836 -1.854 -1.845 -1.849 -1.828 -1.914 -2.083 -2.268 -999 -999 -2.124 -2.007 -1.882 -1.828 -1.798 -1.792 -1.794 -1.803 -1.813 -1.831 -1.841 -1.847 -1.861 -1.925 -1.85 -1.836 -2.028 -2.129 -1.796 -1.842 -1.798 -1.79 -1.789 -1.775 -1.771 -1.767 -1.764 -1.92 -2.063 -999 -999 -999 -999 -1.94 -1.914 -1.845 -1.812 -1.808 -1.816 -1.827 -1.824 -1.824 -1.812 -1.832 -1.831 -1.857 -1.875 -1.864 -1.831 -1.816 -1.835 -1.853 -1.854 -1.847 -1.834 -1.822 -999 -1.774
-999 -1.862 -1.826 -1.833 -1.825 -1.83 -1.823 -1.797 -1.866 -2.006 -2.162 -999 -999 -2.176 -2.043 -1.894 -1.821 -1.797 -1.785 -1.783 -1.783 -1.797 -1.821 -1.836 -1.838 -1.867 -1.912 -1.95 -1.969 -1.929 -1.881 -1.84 -1.901 -2.18 -1.905 -1.811 -1.805 -1.777 -1.794 -1.745 -1.859 -2 -2.135 -999 -999 -999 -1.951 -1.9 -1.829 -1.811 -1.826 -1.822 -1.818 -1.814 -1.814 -1.826 -1.812 -1.806 -1.8 -1.842 -1.853 -1.851 -1.804 -1.795 -1.808 -1.802 -1.818 -1.828 -1.812 -1.84 -1.875 -1.902 -1.88 -1.803
-999 -1.819 -1.807 -1.801 -1.781 -1.836 -1.964 -2.14 -2.276 -999 -2.237 -2.074 -1.949 -1.84 -1.799 -1.774 -1.782 -1.796 -1.801 -1.811 -1.821 -1.833 -1.848 -1.889 -1.947 -1.958 -1.916 -1.882 -1.867 -1.854 -1.836 -1.814 -1.837 -2.045 -2.086 -1.865 -1.799 -1.859 -1.977 -2.092 -999 -999 -999 -2.004 -1.947 -1.849 -1.841 -1.845 -1.817 -1.806 -1.802 -1.819 -1.813 -1.824 -1.82 -1.805 -1.831 -1.844 -1.833 -1.804 -1.816 -1.815 -1.824 -1.809 -1.788 -1.773 -1.797 -1.811 -1.858 -1.872 -1.947 -1.945 -2.061 -2.211
-999 -1.79 -1.807 -1.921 -2.095 -2.249 -999 -999 -2.141 -2.033 -1.866 -1.823 -1.804 -1.779 -1.79 -1.817 -1.826 -1.824 -1.839 -1.859 -1.875 -1.935 -1.955 -1.934 -1.887 -1.873 -1.86 -1.842 -1.818 -1.804 -1.788 -1.794 -1.803 -1.88 -1.976 -2.03 -2.122 -999 -999 -999 -999 -1.958 -1.866 -1.809 -1.799 -1.822 -1.834 -1.831 -1.825 -1.813 -1.831 -1.832 -1.8 -1.829 -1.854 -1.829 -1.803 -1.809 -1.805 -1.824 -1.814 -1.807 -1.807 -1.771 -1.759 -1.776 -1.757 -1.857 -2.023 -2.152 -2.129 -2.151 -999 -999
-999 -2.08 -2.209 -999 -999 -2.168 -2.044 -1.916 -1.835 -1.804 -1.788 -1.793 -1.807 -1.827 -1.835 -1.841 -1.849 -1.865 -1.91 -1.935 -1.938 -1.895 -1.857 -1.84 -1.838 -1.843 -1.8 -1.778 -1.78 -1.782 -1.8 -1.868 -2.016 -2.096 -2.161 -999 -999 -999 -1.983 -1.906 -1.807 -1.8 -1.801 -1.789 -1.813 -1.836 -1.843 -1.853 -1.832 -1.828 -1.833 -1.848 -1.847 -1.834 -1.809 -1.803 -1.822 -1.815 -1.804 -1.79 -1.777 -1.768 -1.772 -1.755 -1.785 -1.917 -2.047 -2.21 -999 -999 -999 -999 -999 -2.006
-999 -999 -2.236 -2.078 -1.944 -1.838 -1.807 -1.787 -1.778 -1.789 -1.809 -1.821 -1.836 -1.842 -1.859 -1.897 -1.942 -1.946 -1.922 -1.874 -1.849 -1.814 -1.813 -1.803 -1.794 -1.782 -1.777 -1.781 -1.807 -1.945 -2.092 -2.168 -999 -999 -999 -1.942 -1.901 -1.843 -1.792 -1.786 -1.789 -1.794 -1.819 -1.819 -1.841 -1.84 -1.828 -1.833 -1.848 -1.85 -1.806 -1.793 -1.82 -1.832 -1.825 -1.819 -1.814 -1.794 -1.787 -1.775 -1.765 -1.763 -1.833 -2.015 -2.134 -999 -999 -999 -999 -999 -1.899 -1.856 -1.801 -1.866
-999 -2.006 -1.859 -1.797 -1.779 -1.771 -1.777 -1.797 -1.823 -1.84 -1.851 -1.864 -1.888 -1.936 -1.95 -1.935 -1.891 -1.866 -1.842 -1.824 -1.804 -1.788 -1.785 -1.773 -1.789 -1.811 -1.907 -1.992 -2.14 -999 -999 -999 -999 -1.936 -1.871 -1.794 -1.812 -1.816 -1.797 -1.798 -1.804 -1.816 -1.82 -1.831 -1.816 -1.834 -1.833 -1.84 -1.822 -1.81 -1.769 -1.778 -1.835 -1.822 -1.802 -1.799 -1.792 -1.799 -1.776 -1.792 -1.928 -2.048 -999 -999 -999 -999 -999 -1.895 -1.855 -1.806 -1.778 -1.829 -1.847 -1.861
-999 -1.783 -1.773 -1.778 -1.801 -1.821 -1.835 -1.849 -1.865 -1.874 -1.924 -1.941 -1.937 -1.904 -1.884 -1.86 -1.834 -1.808 -1.815 -1.802 -1.78 -1.786 -1.8 -1.871 -1.986 -2.074 -999 -999 -999 -999 -2.013 -1.907 -1.835 -1.785 -1.809 -1.806 -1.802 -1.814 -1.828 -1.825 -1.818 -1.811 -1.815 -1.833 -1.836 -1.807 -1.796 -1.808 -1.822 -1.823 -1.807 -1.771 -1.795 -1.809 -1.826 -1.821 -1.817 -1.878 -2.046 -2.185 -999 -999 -999 -999 -1.899 -1.808 -1.758 -1.791 -1.819 -1.854 -1.843 -1.869 -1.862 -1.852
-999 -1.784 -1.808 -1.82 -1.834 -1.851 -1.867 -1.91 -1.94 -1.949 -1.911 -1.885 -1.864 -1.841 -1.816 -1.796 -1.793 -1.786 -1.797 -1.808 -1.827 -1.982 -2.064 -999 -999 -999 -2.099 -2.007 -1.918 -1.84 -1.818 -1.792 -1.796 -1.786 -1.803 -1.811 -1.816 -1.818 -1.815 -1.819 -1.831 -1.837 -1.816 -1.798 -1.802 -1.784 -1.801 -1.797 -1.789 -1.789 -1.799 -1.744 -1.782 -1.833 -1.876 -1.983 -2.129 -999 -999 -999 -999 -1.908 -1.837 -1.784 -1.766 -1.794 -1.824 -1.841 -1.863 -1.881 -1.888 -1.87 -1.846 -1.829
-999 -1.831 -1.84 -1.862 -1.911 -1.939 -1.943 -1.916 -1.896 -1.871 -1.857 -1.848 -1.829 -1.799 -1.785 -1.79 -1.795 -1.827 -1.934 -2.047 -2.112 -999 -999 -2.034 -1.965 -1.892 -1.858 -1.808 -1.817 -1.784 -1.793 -1.792 -1.809 -1.821 -1.825 -1.824 -1.816 -1.839 -1.848 -1.846 -1.821 -1.819 -1.804 -1.8 -1.79 -1.784 -1.769 -1.773 -1.762 -1.769 -1.795 -1.863 -1.99 -2.109 -999 -999 -999 -999 -999 -1.868 -1.838 -1.8 -1.813 -1.842 -1.848 -1.846 -1.868 -1.868 -1.86 -1.864 -1.855 -1.858 -1.864 -1.873
-999 -1.893 -1.94 -1.957 -1.924 -1.891 -1.877 -1.861 -1.838 -1.818 -1.796 -1.787 -1.784 -1.793 -1.82 -1.876 -1.976 -2.087 -999 -999 -2.04 -1.956 -1.856 -1.771 -1.809 -1.843 -1.854 -1.831 -1.814 -1.812 -1.819 -1.811 -1.809 -1.821 -1.842 -1.847 -1.849 -1.823 -1.815 -1.824 -1.831 -1.816 -1.799 -1.777 -1.771 -1.767 -1.767 -1.767 -1.826 -1.924 -2.079 -999 -999 -999 -999 -999 -1.887 -1.879 -1.833 -1.836 -1.826 -1.859 -1.858 -1.872 -1.876 -1.874 -1.871 -1.845 -1.831 -1.868 -1.881 -1.867 -1.86 -1.853
-999 -1.944 -1.913 -1.886 -1.866 -1.853 -1.831 -1.808 -1.79 -1.781 -1.786 -1.8 -1.852 -1.997 -2.087 -999 -999 -999 -1.974 -1.907 -1.817 -1.806 -1.809 -1.809 -1.821 -1.859 -1.863 -1.819 -1.825 -1.823 -1.799 -1.815 -1.847 -1.85 -1.829 -1.809 -1.816 -1.818 -1.813 -1.811 -1.811 -1.778 -1.763 -1.767 -1.754 -1.782 -1.906 -2.024 -999 -999 -999 -999 -999 -1.981 -1.902 -1.86 -1.812 -1.823 -1.837 -1.888 -1.88 -1.882 -1.882 -1.878 -1.884 -1.869 -1.87 -1.872 -1.868 -1.87 -1.86 -1.858 -1.837 -1.818
-999 -1.862 -1.858 -1.84 -1.825 -1.814 -1.798 -1.795 -1.8 -1.838 -1.966 -2.084 -2.166 -999 -999 -1.942 -1.902 -1.821 -1.768 -1.793 -1.81 -1.815 -1.815 -1.849 -1.849 -1.843 -1.849 -1.845 -1.813 -1.841 -1.834 -1.817 -1.802 -1.82 -1.815 -1.829 -1.817 -1.806 -1.787 -1.787 -1.774 -1.748 -1.741 -1.813 -1.937 -999 -999 -999 -999 -999 -2.002 -1.9 -1.812 -1.775 -1.81 -1.837 -1.861 -1.856 -1.863 -1.882 -1.904 -1.907 -1.873 -1.875 -1.892 -1.87 -1.846 -1.829 -1.854 -1.849 -1.832 -1.806 -1.805 -1.801
-999 -1.814 -1.796 -1.787 -1.787 -1.785 -1.817 -1.901 -2.013 -2.127 -999 -999 -2.011 -1.916 -1.789 -1.783 -1.797 -1.79 -1.783 -1.806 -1.821 -1.821 -1.816 -1.834 -1.83 -1.822 -1.888 -1.916 -1.859 -1.794 -1.78 -1.79 -1.814 -1.819 -1.803 -1.798 -1.796 -1.781 -1.77 -1.756 -1.776 -1.888 -2.034 -999 -999 -999 -999 -2.091 -1.93 -1.767 -1.76 -1.791 -1.82 -1.826 -1.847 -1.862 -1.839 -1.822 -1.853 -1.893 -1.919 -1.903 -1.889 -1.862 -1.856 -1.855 -1.857 -1.832 -1.821 -1.813 -1.791 -1.808 -1.9 -2.01
-999 -1.769 -1.778 -1.805 -1.871 -1.982 -2.066 -999 -999 -2.106 -1.957 -1.841 -1.789 -1.787 -1.774 -1.774 -1.805 -1.805 -1.809 -1.825 -1.83 -1.812 -1.788 -1.801 -1.845 -1.882 -1.901 -1.868 -1.811 -1.809 -1.805 -1.803 -1.811 -1.797 -1.786 -1.78 -1.766 -1.742 -1.807 -2.016 -999 -999 -999 -999 -999 -1.954 -1.861 -1.766 -1.76 -1.785 -1.809 -1.836 -1.866 -1.857 -1.864 -1.835 -1.836 -1.818 -1.83 -1.92 -1.893 -1.858 -1.86 -1.848 -1.848 -1.822 -1.815 -1.787 -1.804 -1.84 -1.953 -2.109 -2.219 -999
-999 -1.829 -1.949 -2.04 -999 -999 -999 -2.003 -1.892 -1.787 -1.798 -1.806 -1.799 -1.793 -1.798 -1.806 -1.821 -1.806 -1.799 -1.807 -1.812 -1.834 -1.827 -1.845 -1.824 -1.798 -1.852 -1.874 -1.825 -1.806 -1.792 -1.805 -1.819 -1.802 -1.759 -1.788 -1.907 -2 -999 -999 -999 -999 -1.893 -1.817 -1.769 -1.761 -1.812 -1.824 -1.853 -1.834 -1.821 -1.846 -1.867 -1.864 -1.844 -1.811 -1.843 -1.866 -1.828 -1.849 -1.816 -1.848 -1.859 -1.835 -1.814 -1.811 -1.851 -1.926 -2.083 -2.224 -999 -999 -999 -2.156
-999 -2.149 -999 -999 -2.053 -1.937 -1.828 -1.772 -1.787 -1.774 -1.798 -1.819 -1.826 -1.822 -1.827 -1.815 -1.802 -1.789 -1.819 -1.863 -1.849 -1.831 -1.815 -1.83 -1.845 -1.86 -1.878 -1.872 -1.846 -1.785 -1.799 -1.79 -1.777 -1.865 -2.011 -999 -999 -999 -999 -999 -1.838 -1.757 -1.717 -1.778 -1.812 -1.843 -1.853 -1.862 -1.868 -1.846 -1.806 -1.802 -1.82 -1.845 -1.836 -1.842 -1.823 -1.794 -1.783 -1.814 -1.818 -1.807 -1.808 -1.82 -1.88 -2.024 -2.152 -999 -999 -999 -999 -2.013 -2.001 -1.941
-999 -999 -1.941 -1.837 -1.778 -1.808 -1.804 -1.797 -1.801 -1.817 -1.823 -1.827 -1.83 -1.821 -1.808 -1.805 -1.835 -1.847 -1.848 -1.837 -1.845 -1.866 -1.873 -1.88 -1.862 -1.81 -1.786 -1.852 -1.85 -1.788 -1.815 -1.943 -2.067 -999 -999 -999 -2.088 -1.873 -1.826 -1.755 -1.759 -1.783 -1.83 -1.843 -1.856 -1.861 -1.86 -1.855 -1.838 -1.831 -1.83 -1.831 -1.843 -1.857 -1.828 -1.823 -1.809 -1.782 -1.782 -1.804 -1.859 -1.845 -1.98 -2.074 -999 -999 -999 -999 -2.041 -2.04 -1.924 -1.949 -1.911 -1.868
-999 -1.795 -1.776 -1.764 -1.769 -1.785 -1.802 -1.816 -1.831 -1.833 -1.824 -1.812 -1.821 -1.849 -1.844 -1.847 -1.824 -1.835 -1.854 -1.876 -1.884 -1.864 -1.828 -1.803 -1.781 -1.77 -1.762 -1.817 -1.932 -2.06 -999 -999 -999 -2.199 -1.997 -1.818 -1.782 -1.792 -1.819 -1.825 -1.857 -1.868 -1.867 -1.865 -1.86 -1.846 -1.826 -1.814 -1.829 -1.843 -1.856 -1.848 -1.86 -1.825 -1.789 -1.763 -1.766 -1.755 -1.79 -1.886 -2.092 -2.189 -999 -999 -999 -999 -2.087 -1.945 -1.855 -1.895 -1.944 -1.9 -1.826 -1.807
-999 -1.785 -1.791 -1.791 -1.79 -1.808 -1.821 -1.824 -1.828 -1.818 -1.847 -1.853 -1.873 -1.833 -1.834 -1.823 -1.813 -1.817 -1.859 -1.83 -1.793 -1.793 -1.789 -1.776 -1.747 -1.819 -1.93 -2.098 -999 -999 -2.122 -2.03 -1.909 -1.758 -1.746 -1.803 -1.832 -1.858 -1.861 -1.865 -1.866 -1.855 -1.839 -1.833 -1.838 -1.837 -1.845 -1.844 -1.829 -1.826 -1.824 -1.824 -1.826 -1.777 -1.757 -1.77 -1.848 -1.986 -2.177 -2.253 -999 -999 -999 -2.092 -2.036 -1.98 -1.956 -1.876 -1.887 -1.928 -1.93 -1.879 -1.816 -1.816
-999 -1.792 -1.816 -1.819 -1.805 -1.808 -1.797 -1.826 -1.849 -1.862 -1.851 -1.846 -1.846 -1.82 -1.818 -1.815 -1.796 -1.783 -1.831 -1.788 -1.765 -1.766 -1.792 -1.935 -2.07 -999 -999 -999 -1.967 -1.879 -1.803 -1.764 -1.767 -1.803 -1.838 -1.854 -1.855 -1.871 -1.871 -1.863 -1.825 -1.828 -1.821 -1.84 -1.852 -1.848 -1.824 -1.815 -1.811 -1.795 -1.781 -1.769 -1.791 -1.836 -1.982 -2.141 -2.26 -999 -999 -999 -999 -2.096 -2.007 -1.948 -1.909 -1.862 -1.841 -1.815 -1.823 -1.882 -1.937 -1.827 -1.758 -1.782
-999 -1.808 -1.81 -1.796 -1.787 -1.817 -1.847 -1.85 -1.824 -1.833 -1.829 -1.829 -1.821 -1.791 -1.774 -1.778 -1.774 -1.786 -1.821 -1.803 -1.925 -2.042 -999 -999 -999 -1.999 -1.904 -1.83 -1.842 -1.858 -1.894 -1.822 -1.782 -1.857 -1.856 -1.859 -1.859 -1.845 -1.833 -1.824 -1.846 -1.865 -1.876 -1.839 -1.821 -1.808 -1.803 -1.802 -1.77 -1.781 -1.789 -1.907 -2.112 -2.24 -999 -999 -999 -999 -2.096 -2.051 -1.996 -1.927 -1.859 -1.823 -1.807 -1.812 -1.825 -1.847 -1.829 -1.817 -1.896 -1.888 -1.816 -1.828
-999 -1.873 -1.812 -1.83 -1.821 -1.816 -1.837 -1.823 -1.826 -1.825 -1.82 -1.809 -1.781 -1.762 -1.738 -1.753 -1.812 -1.944 -2.026 -999 -999 -999 -2.165 -2.007 -1.802 -1.739 -1.812 -1.855 -1.896 -1.916 -1.891 -1.874 -1.815 -1.841 -1.84 -1.796 -1.808 -1.827 -1.851 -1.856 -1.83 -1.829 -1.849 -1.849 -1.8 -1.776 -1.755 -1.778 -1.848 -1.989 -2.155 -2.279 -999 -999 -999 -2.14 -2.095 -2.004 -1.974 -1.9 -1.835 -1.809 -1.82 -1.826 -1.821 -1.824 -1.838 -1.863 -1.862 -1.817 -1.876 -1.947 -1.835 -1.809
-999 -1.925 -1.816 -1.83 -1.82 -1.823 -1.817 -1.818 -1.806 -1.795 -1.791 -1.787 -1.768 -1.769 -1.879 -2.025 -999 -999 -999 -2.227 -2.06 -1.897 -1.768 -1.763 -1.771 -1.784 -1.861 -1.895 -1.914 -1.94 -1.888 -1.898 -1.82 -1.813 -1.828 -1.841 -1.845 -1.842 -1.837 -1.827 -1.817 -1.806 -1.783 -1.767 -1.755 -1.77 -1.898 -2.104 -2.203 -999 -999 -999 -2.119 -2.077 -2.017 -1.97 -1.916 -1.848 -1.82 -1.808 -1.81 -1.817 -1.826 -1.833 -1.847 -1.872 -1.919 -1.946 -1.908 -1.804 -1.826 -1.918 -1.878 -1.805
-999 -1.896 -1.839 -1.819 -1.828 -1.806 -1.795 -1.782 -1.786 -1.766 -1.779 -1.882 -1.989 -999 -999 -999 -2.203 -2.1 -1.94 -1.793 -1.771 -1.791 -1.809 -1.829 -1.834 -1.859 -1.856 -1.908 -1.917 -1.923 -1.943 -1.927 -1.879 -1.838 -1.833 -1.816 -1.826 -1.822 -1.808 -1.792 -1.756 -1.739 -1.74 -1.836 -2.002 -2.179 -2.286 -999 -999 -2.1 -2.082 -2.029 -2.003 -1.942 -1.852 -1.819 -1.811 -1.809 -1.818 -1.82 -1.832 -1.831 -1.872 -1.913 -1.944 -1.933 -1.894 -1.852 -1.81 -1.793 -1.774 -1.866 -1.896 -1.786
