unittests/MapWinGISTests/Testdata/Issues/MWGIS-94/test.asc
NCOLS 260
NROWS 181
XLLCENTER 125022.500000
YLLCENTER 463067.500000
DX 5
DY 5
NODATA_VALUE -999
[rows 0 to 32 of 181, columns 74 to 147 of 260]
-1.344 -1.174 -999 -999 -0.955 -0.942 -1.037 -1.158 -1.353 -1.547 -1.913 -999 -1.845 -1.895 -1.895 -1.916 -1.888 -1.695 -1.608 -999 -999 -999 -999 -999 -999 -999 -1.405 -1.542 -1.683 -1.795 -1.699 -1.652 -1.733 -1.84 -1.864 -1.811 -1.806 -1.83 -1.853 -1.849 -1.816 -1.797 -1.782 -1.762 -1.744 -1.746 -1.755 -1.773 -1.751 -1.743 -1.707 -1.701 -1.846 -999 -999 -999 -999 -1.973 -1.905 -1.79 -1.707 -1.689 -1.763 -1.838 -1.834 -1.768 -1.696 -1.643 -1.661 -1.726 -1.85 -1.998 -999 -999
-1.278 -1.202 -1.15 -1.058 -1 -999 -999 -1.071 -1.343 -1.661 -1.82 -999 -999 -1.86 -1.91 -1.863 -2.006 -1.722 -1.611 -1.578 -999 -999 -1.417 -1.393 -1.372 -1.379 -1.385 -1.467 -1.621 -1.761 -1.784 -1.761 -1.87 -1.872 -1.927 -1.903 -1.849 -1.83 -1.815 -1.827 -1.853 -1.785 -1.754 -1.765 -1.769 -1.772 -1.768 -1.758 -1.747 -1.721 -1.849 -1.98 -999 -999 -999 -1.987 -1.894 -1.778 -1.756 -1.717 -1.713 -1.798 -1.873 -1.81 -1.731 -1.67 -1.671 -1.721 -1.768 -1.908 -999 -999 -1.983 -1.889
-1.5 -1.365 -1.235 -1.077 -1.029 -999 -999 -1.085 -1.376 -1.616 -1.655 -999 -999 -999 -1.822 -1.895 -1.788 -1.869 -1.662 -1.605 -1.503 -1.438 -1.458 -1.442 -1.398 -1.317 -1.24 -1.29 -999 -999 -1.838 -1.921 -1.815 -1.851 -1.906 -1.925 -1.815 -1.787 -1.806 -1.805 -1.806 -1.793 -1.789 -1.793 -1.785 -1.767 -1.759 -1.717 -1.829 -1.958 -999 -999 -999 -1.94 -1.86 -1.784 -1.744 -1.711 -1.718 -1.772 -1.854 -1.834 -1.736 -1.671 -1.665 -1.68 -1.738 -1.846 -999 -999 -999 -1.874 -1.759 -1.72
-1.474 -1.376 -1.33 -1.252 -1.218 -1.149 -1.032 -1.209 -1.762 -1.826 -999 -999 -999 -999 -1.866 -1.823 -1.897 -1.892 -1.725 -1.63 -1.566 -1.541 -1.528 -1.476 -1.286 -1.05 -999 -1.285 -999 -999 -1.793 -1.888 -1.775 -1.793 -1.826 -1.898 -1.842 -1.825 -1.781 -1.77 -1.78 -1.804 -1.803 -1.783 -1.782 -1.735 -1.769 -1.942 -999 -999 -999 -2.005 -1.867 -1.782 -1.761 -1.724 -1.708 -1.749 -1.842 -1.878 -1.783 -1.682 -1.653 -1.685 -1.751 -1.878 -1.985 -999 -999 -1.98 -1.855 -1.723 -1.705 -1.707
-999 -999 -999 -1.386 -1.546 -1.61 -999 -999 -999 -999 -1.817 -1.722 -1.75 -999 -999 -1.858 -1.865 -1.928 -1.886 -1.622 -1.668 -1.593 -1.424 -1.283 -999 -999 -999 -999 -1.406 -1.678 -1.917 -2.057 -1.866 -1.82 -1.832 -1.927 -1.91 -1.808 -1.78 -1.785 -1.784 -1.792 -1.788 -1.778 -1.803 -1.914 -999 -999 -999 -999 -1.947 -1.813 -1.779 -1.757 -1.727 -1.749 -1.807 -1.879 -1.83 -1.713 -1.67 -1.688 -1.728 -1.853 -2.043 -999 -999 -999 -1.893 -1.77 -1.711 -1.717 -1.724 -1.736
-999 -999 -1.717 -1.794 -999 -999 -999 -1.915 -1.816 -1.652 -1.516 -1.451 -1.52 -1.778 -999 -999 -1.823 -1.894 -1.927 -999 -1.509 -1.334 -999 -999 -999 -999 -999 -1.266 -1.67 -999 -2.035 -999 -2.03 -1.95 -1.919 -1.87 -1.833 -1.818 -1.793 -1.79 -1.782 -1.768 -1.702 -1.848 -999 -999 -999 -999 -1.998 -1.85 -1.739 -1.731 -1.759 -1.789 -1.81 -1.862 -1.856 -1.756 -1.678 -1.67 -1.731 -1.815 -1.961 -999 -999 -999 -1.884 -1.795 -1.737 -1.724 -1.72 -1.745 -1.79 -1.823
-1.765 -1.861 -2.13 -2.194 -2.062 -1.866 -1.737 -1.559 -1.52 -1.507 -1.531 -1.553 -1.674 -1.804 -999 -999 -1.908 -1.809 -1.856 -1.59 -1.3 -999 -999 -999 -999 -1.144 -1.291 -1.406 -999 -1.772 -1.777 -2.022 -999 -2.067 -1.918 -1.786 -1.827 -1.802 -1.771 -1.762 -1.774 -1.886 -1.727 -1.751 -999 -999 -999 -1.964 -1.839 -1.74 -1.693 -1.739 -1.829 -1.871 -1.887 -1.798 -1.728 -1.694 -1.697 -1.802 -1.928 -999 -999 -1.952 -1.847 -1.761 -1.715 -1.701 -1.737 -1.747 -1.774 -1.845 -1.819 -1.724
-999 -2.058 -1.977 -999 -999 -999 -999 -1.308 -1.421 -999 -1.694 -999 -999 -1.667 -1.617 -1.737 -999 -1.827 -1.79 -1.675 -1.353 -1.188 -999 -999 -1.125 -1.393 -1.542 -1.803 -1.69 -1.649 -1.602 -1.827 -999 -999 -999 -1.935 -1.816 -1.791 -1.795 -1.863 -1.955 -999 -999 -1.761 -1.761 -1.979 -1.895 -1.787 -1.771 -1.755 -1.776 -1.854 -1.91 -1.833 -1.754 -1.713 -1.709 -1.754 -1.875 -999 -999 -999 -1.932 -1.785 -1.803 -1.798 -1.724 -1.735 -1.781 -1.833 -1.849 -1.783 -1.701 -1.665
-1.917 -1.784 -999 -999 -999 -999 -999 -1.217 -1.239 -999 -999 -1.384 -1.241 -1.206 -1.199 -1.443 -999 -999 -1.653 -1.728 -1.502 -1.297 -1.178 -1.258 -1.471 -999 -1.734 -1.603 -1.641 -1.626 -1.645 -1.707 -999 -999 -999 -999 -1.972 -1.973 -999 -999 -999 -999 -999 -2.051 -1.756 -1.769 -1.799 -1.753 -1.773 -1.833 -1.896 -1.862 -1.772 -1.726 -1.707 -1.755 -1.885 -1.99 -999 -999 -999 -1.924 -1.778 -1.769 -1.747 -1.772 -1.807 -1.837 -1.865 -1.829 -1.754 -1.697 -1.686 -1.701
-999 -1.765 -999 -999 -1.232 -1.229 -1.19 -1.209 -1.229 -999 -999 -999 -999 -999 -999 -1.185 -1.544 -999 -1.345 -1.614 -1.636 -1.447 -1.446 -999 -1.836 -1.721 -1.729 -1.609 -1.514 -1.444 -1.595 -1.736 -1.841 -1.966 -999 -999 -999 -999 -999 -999 -999 -999 -999 -1.887 -1.816 -1.829 -1.806 -1.767 -1.829 -1.889 -1.837 -1.748 -1.7 -1.71 -1.797 -1.972 -999 -999 -999 -1.98 -1.844 -1.748 -1.757 -1.751 -1.766 -1.806 -1.883 -1.849 -1.787 -1.728 -1.714 -1.727 -1.784 -1.893
-1.499 -1.482 -1.274 -1.22 -1.207 -1.19 -1.126 -999 -999 -999 -999 -999 -999 -999 -999 -1.112 -1.215 -1.253 -999 -1.538 -1.668 -1.809 -999 -1.785 -1.741 -1.681 -1.68 -1.61 -1.398 -999 -1.508 -1.788 -1.767 -1.703 -1.806 -999 -999 -999 -999 -999 -999 -999 -1.925 -1.882 -1.899 -1.887 -1.843 -1.788 -1.789 -1.759 -1.707 -1.687 -1.743 -1.907 -999 -999 -999 -999 -1.927 -1.775 -1.756 -1.749 -1.74 -1.786 -1.835 -1.85 -1.822 -1.78 -1.74 -1.708 -1.741 -1.855 -2.02 -999
-999 -999 -999 -1.537 -1.21 -1.089 -0.812 -999 -999 -999 -999 -999 -0.887 -0.891 -1.053 -1.289 -1.506 -1.728 -999 -999 -1.705 -1.811 -1.898 -1.791 -1.702 -1.721 -1.706 -1.663 -999 -999 -1.365 -1.661 -1.632 -1.575 -1.738 -999 -999 -999 -999 -999 -1.983 -1.9 -1.901 -1.824 -1.773 -1.948 -1.868 -1.795 -1.755 -1.733 -1.735 -1.835 -1.948 -999 -999 -999 -2.01 -1.873 -1.776 -1.745 -1.717 -1.751 -1.816 -1.831 -1.811 -1.733 -1.76 -1.746 -1.728 -1.8 -1.93 -999 -999 -1.922
-1.682 -1.69 -1.632 -1.43 -1.308 -1.163 -0.965 -999 -1.071 -1.02 -0.978 -0.951 -999 -999 -1.242 -1.535 -1.817 -999 -999 -999 -1.918 -1.803 -1.885 -1.905 -1.788 -1.746 -1.742 -1.656 -1.545 -999 -1.544 -1.552 -1.623 -1.757 -999 -999 -999 -999 -2 -1.917 -1.886 -1.831 -1.697 -1.67 -1.659 -1.69 -1.932 -1.742 -1.744 -1.79 -1.93 -999 -999 -999 -2.026 -1.913 -1.777 -1.782 -1.77 -1.758 -1.777 -1.862 -1.833 -1.795 -1.731 -1.737 -1.78 -1.803 -1.866 -2.004 -999 -2.029 -1.888 -1.716
-1.687 -1.742 -1.697 -1.471 -1.355 -1.273 -1.172 -1.152 -1.145 -1.149 -1.115 -1.082 -1.128 -999 -1.486 -999 -1.836 -1.755 -1.739 -999 -999 -1.804 -1.87 -1.85 -1.811 -1.809 -999 -1.813 -1.605 -1.51 -1.534 -1.631 -999 -999 -999 -999 -999 -1.935 -1.824 -1.88 -999 -1.688 -1.66 -1.652 -1.641 -1.627 -1.786 -1.844 -1.804 -1.977 -999 -999 -999 -1.926 -1.83 -1.742 -1.73 -1.744 -1.777 -1.816 -1.861 -1.801 -1.744 -1.701 -1.732 -1.785 -1.809 -1.909 -999 -999 -1.916 -1.745 -1.733 -1.728
-1.688 -999 -999 -1.447 -1.337 -999 -999 -999 -999 -999 -1.223 -1.205 -1.469 -999 -1.793 -1.706 -1.591 -1.554 -1.599 -1.775 -999 -999 -1.771 -1.895 -1.918 -999 -1.615 -1.474 -1.449 -1.558 -1.887 -999 -999 -999 -2.073 -1.928 -1.802 -1.829 -1.818 -999 -999 -1.655 -1.652 -1.672 -1.701 -1.766 -1.835 -2.002 -1.895 -999 -2.033 -1.944 -1.815 -1.763 -1.744 -1.75 -1.781 -1.802 -1.84 -1.827 -1.772 -1.719 -1.726 -1.753 -1.777 -1.82 -1.942 -999 -2.039 -1.844 -1.725 -1.747 -1.763 -1.77
-1.676 -999 -999 -999 -999 -999 -999 -999 -1.465 -1.406 -1.436 -1.431 -1.345 -1.5 -1.568 -1.568 -1.554 -1.557 -1.549 -1.537 -999 -999 -1.92 -1.845 -1.862 -1.877 -1.528 -1.404 -1.643 -999 -999 -999 -1.963 -1.703 -1.827 -1.898 -1.841 -1.824 -1.837 -1.754 -1.721 -1.69 -1.736 -1.851 -999 -999 -999 -999 -1.953 -1.839 -1.814 -1.8 -1.743 -1.755 -1.79 -1.833 -1.856 -1.842 -1.799 -1.758 -1.714 -1.732 -1.763 -1.773 -1.861 -999 -999 -1.931 -1.79 -1.755 -1.752 -1.768 -1.774 -1.773
-1.744 -999 -999 -999 -999 -999 -1.716 -1.606 -1.584 -1.523 -999 -1.571 -1.448 -1.463 -1.533 -1.595 -1.647 -1.617 -1.514 -1.551 -1.867 -999 -999 -1.86 -1.839 -1.741 -1.836 -1.734 -2.013 -999 -1.805 -1.609 -1.581 -1.767 -1.788 -1.763 -1.78 -1.801 -999 -1.783 -1.755 -1.825 -999 -999 -1.92 -1.866 -999 -999 -1.996 -1.763 -1.764 -1.765 -1.723 -1.782 -1.868 -1.873 -1.808 -1.767 -1.722 -1.738 -1.752 -1.77 -1.838 -1.947 -999 -1.968 -1.855 -1.765 -1.784 -1.752 -1.767 -1.773 -1.794 -1.813
-1.711 -999 -999 -999 -1.731 -1.542 -1.516 -1.53 -999 -999 -999 -999 -1.493 -1.492 -1.527 -1.499 -1.529 -1.645 -1.732 -1.779 -1.777 -1.965 -999 -1.953 -1.782 -1.79 -1.775 -2.066 -1.945 -1.66 -1.485 -1.663 -1.699 -1.844 -1.696 -1.744 -1.759 -1.822 -1.775 -1.707 -1.76 -999 -1.832 -1.63 -1.617 -1.618 -1.906 -999 -999 -1.839 -1.754 -1.741 -1.757 -1.831 -1.828 -1.785 -1.744 -1.718 -1.726 -1.781 -1.849 -1.961 -999 -2.036 -1.868 -1.764 -1.772 -1.794 -1.814 -1.753 -1.777 -1.816 -1.789 -1.775
-1.69 -1.715 -1.651 -1.532 -1.562 -999 -999 -999 -999 -999 -999 -999 -1.565 -1.495 -1.49 -1.559 -1.687 -1.836 -1.843 -1.785 -1.694 -1.699 -999 -999 -1.831 -1.763 -1.738 -1.671 -1.517 -1.628 -1.653 -1.67 -1.622 -1.729 -1.808 -1.836 -1.864 -1.703 -1.615 -1.6 -1.635 -1.65 -1.496 -999 -1.633 -1.602 -1.751 -999 -999 -1.868 -1.766 -1.758 -1.735 -1.77 -1.755 -1.708 -1.71 -1.753 -1.834 -1.901 -999 -999 -1.922 -1.813 -1.76 -1.761 -1.795 -1.803 -1.815 -1.828 -1.802 -1.78 -1.78 -1.777
-1.697 -1.578 -999 -999 -999 -999 -999 -999 -999 -999 -999 -999 -1.583 -1.542 -1.628 -1.723 -1.812 -1.86 -1.83 -1.747 -1.668 -1.685 -1.8 -999 -999 -1.765 -1.758 -1.735 -1.695 -1.626 -1.677 -1.708 -1.724 -1.79 -1.985 -1.641 -1.483 -1.402 -1.296 -1.425 -1.489 -999 -999 -999 -1.818 -1.728 -1.824 -999 -999 -1.886 -1.806 -1.806 -1.742 -1.733 -1.728 -1.7 -1.774 -1.887 -999 -999 -2.018 -1.827 -1.759 -1.79 -1.775 -1.784 -1.788 -1.821 -1.815 -1.794 -1.793 -1.762 -1.764 -1.75
-1.665 -1.546 -999 -999 -999 -999 -999 -999 -999 -999 -999 -999 -999 -1.593 -1.713 -1.861 -1.919 -1.848 -1.818 -1.791 -1.793 -1.762 -1.752 -999 -999 -1.901 -1.762 -1.764 -1.731 -1.758 -1.676 -1.778 -999 -1.692 -1.526 -1.351 -999 -999 -1.166 -1.328 -1.401 -999 -999 -1.659 -1.877 -2.015 -1.91 -1.812 -1.893 -1.643 -1.767 -1.813 -1.789 -1.783 -1.753 -1.829 -999 -999 -999 -1.99 -1.772 -1.751 -1.749 -1.774 -1.773 -1.783 -1.8 -1.799 -1.802 -1.798 -1.778 -1.735 -1.711 -1.718
-1.614 -1.556 -1.567 -999 -999 -999 -999 -999 -999 -999 -999 -1.49 -1.493 -1.713 -1.833 -1.809 -1.808 -1.813 -1.803 -1.778 -1.762 -1.735 -1.74 -2.026 -999 -999 -1.877 -1.749 -1.72 -1.76 -1.829 -999 -1.583 -999 -999 -999 -999 -999 -1.272 -1.462 -1.544 -1.485 -1.622 -1.927 -999 -1.8 -1.632 -1.622 -1.644 -1.637 -1.656 -1.783 -1.802 -1.872 -1.937 -999 -999 -1.97 -1.867 -1.781 -1.745 -1.758 -1.779 -1.79 -1.793 -1.784 -1.796 -1.812 -1.783 -1.761 -1.73 -1.74 -1.748 -1.927
-1.753 -1.61 -1.537 -999 -999 -999 -999 -999 -999 -1.627 -1.596 -1.587 -1.685 -1.771 -1.766 -1.75 -1.791 -1.728 -1.738 -1.768 -1.862 -1.924 -999 -999 -999 -999 -999 -1.799 -1.741 -1.724 -1.921 -1.623 -1.382 -999 -999 -999 -999 -1.179 -1.292 -1.412 -1.699 -1.673 -999 -999 -1.791 -1.679 -1.654 -1.635 -1.649 -1.637 -1.604 -1.768 -1.884 -1.857 -999 -999 -1.841 -1.722 -1.71 -1.753 -1.765 -1.775 -1.788 -1.784 -1.783 -1.797 -1.799 -1.784 -1.738 -1.722 -1.737 -1.894 -2.047 -999
-1.759 -1.661 -1.575 -1.567 -999 -999 -1.831 -1.794 -1.761 -1.776 -1.791 -1.828 -1.838 -1.859 -1.895 -1.937 -999 -1.81 -1.816 -999 -999 -999 -999 -1.874 -1.846 -1.829 -1.969 -1.844 -1.777 -1.76 -1.511 -1.254 -999 -999 -999 -0.964 -1.132 -1.246 -1.328 -1.599 -1.912 -1.761 -999 -1.737 -1.656 -1.701 -1.542 -999 -1.637 -1.537 -1.771 -1.997 -1.999 -1.769 -1.892 -1.751 -1.749 -1.776 -1.731 -1.771 -1.78 -1.787 -1.789 -1.798 -1.802 -1.791 -1.769 -1.738 -1.712 -1.832 -2.003 -999 -1.908 -1.758
-1.738 -1.696 -1.682 -1.677 -1.966 -1.906 -1.813 -1.778 -1.758 -1.783 -1.726 -1.885 -1.934 -1.717 -1.638 -1.544 -1.611 -999 -999 -999 -1.822 -1.84 -1.747 -1.697 -1.688 -1.743 -1.852 -1.913 -1.842 -1.752 -1.672 -1.228 -1.088 -999 -0.832 -1.033 -1.273 -1.407 -1.685 -999 -999 -1.777 -1.754 -1.716 -1.711 -1.692 -1.548 -1.575 -1.72 -1.965 -2.046 -999 -2.045 -1.732 -1.727 -1.748 -1.774 -1.808 -1.768 -1.798 -1.781 -1.787 -1.797 -1.785 -1.774 -1.733 -1.703 -1.796 -1.963 -999 -1.895 -1.812 -1.787 -1.787
-1.805 -1.762 -1.729 -1.71 -1.908 -1.917 -1.889 -1.881 -1.895 -1.862 -1.777 -1.634 -1.436 -1.502 -1.594 -1.831 -999 -999 -999 -1.605 -1.601 -1.669 -1.658 -1.754 -1.751 -1.751 -1.709 -1.788 -999 -1.762 -1.654 -1.489 -1.078 -1.051 -1.209 -1.325 -1.434 -1.748 -999 -999 -1.764 -1.685 -1.679 -1.655 -1.757 -1.728 -1.642 -1.779 -2.06 -999 -999 -1.916 -1.75 -1.725 -1.761 -1.764 -1.79 -1.841 -1.79 -1.791 -1.783 -1.789 -1.768 -1.758 -1.7 -1.731 -1.888 -999 -1.978 -1.835 -1.772 -1.758 -1.818 -1.823
-1.837 -1.79 -1.736 -1.739 -1.878 -1.948 -1.861 -1.766 -1.62 -1.475 -1.442 -1.527 -1.664 -1.887 -1.717 -1.643 -1.605 -999 -999 -1.582 -1.57 -1.64 -1.742 -1.782 -1.703 -1.591 -1.554 -1.652 -999 -999 -1.63 -1.628 -1.43 -1.429 -1.441 -1.468 -1.558 -1.886 -999 -1.668 -1.61 -1.618 -1.633 -1.707 -1.688 -1.65 -1.835 -2.085 -1.976 -1.884 -1.834 -1.748 -1.777 -1.782 -1.78 -1.793 -1.819 -1.819 -1.789 -1.801 -1.785 -1.755 -1.727 -1.742 -1.864 -999 -999 -1.85 -1.78 -1.751 -1.77 -1.816 -1.818 -1.787
-1.804 -1.77 -1.811 -1.956 -1.999 -1.722 -1.537 -1.509 -1.613 -1.702 -1.762 -999 -999 -999 -999 -1.486 -1.515 -1.545 -1.574 -1.581 -1.591 -1.65 -1.715 -1.664 -1.622 -1.559 -1.483 -1.568 -1.704 -999 -1.828 -1.63 -1.75 -1.674 -1.708 -1.557 -1.603 -1.676 -1.765 -1.602 -1.556 -1.567 -1.612 -1.653 -1.736 -2.039 -1.984 -1.823 -1.692 -1.713 -1.803 -1.799 -1.794 -1.789 -1.789 -1.779 -1.827 -1.807 -1.765 -1.76 -1.748 -1.718 -1.821 -1.991 -999 -1.891 -1.793 -1.767 -1.764 -1.779 -1.745 -1.789 -1.771 -1.779
-1.74 -1.861 -1.742 -1.699 -1.922 -1.914 -1.892 -1.987 -1.973 -999 -999 -999 -999 -999 -999 -1.456 -1.462 -1.461 -1.485 -1.497 -1.536 -1.594 -1.682 -1.578 -999 -999 -1.41 -1.568 -1.641 -1.783 -999 -1.771 -1.713 -1.75 -2.016 -1.7 -1.68 -1.659 -1.693 -999 -1.6 -1.576 -1.572 -1.792 -2.008 -1.816 -1.746 -1.755 -1.746 -1.772 -1.775 -1.821 -1.816 -1.799 -1.802 -1.786 -1.823 -1.797 -1.752 -1.74 -1.766 -1.903 -999 -1.902 -1.783 -1.782 -1.773 -1.795 -1.694 -1.546 -1.494 -1.755 -1.76 -1.731
-1.704 -1.828 -1.802 -1.975 -2.138 -2.166 -2.065 -1.775 -999 -999 -999 -999 -999 -999 -999 -1.429 -1.438 -1.424 -1.424 -1.425 -1.446 -1.562 -1.68 -1.64 -999 -999 -999 -1.543 -1.658 -1.732 -999 -999 -1.752 -1.732 -1.751 -1.849 -1.65 -1.631 -1.624 -1.765 -1.781 -1.725 -999 -1.927 -1.766 -1.632 -1.717 -1.79 -1.783 -1.797 -1.812 -1.842 -1.822 -1.839 -1.839 -1.777 -1.791 -1.814 -1.851 -1.912 -999 -999 -1.751 -1.786 -1.772 -1.787 -1.685 -1.539 -1.448 -999 -999 -1.556 -1.673 -1.597
-1.898 -1.979 -2.14 -2.145 -2.052 -999 -999 -999 -999 -999 -999 -999 -999 -999 -999 -999 -1.416 -1.404 -1.396 -999 -999 -1.53 -1.691 -1.777 -1.363 -999 -999 -999 -1.626 -1.709 -1.811 -999 -999 -1.706 -1.737 -1.872 -1.753 -1.632 -1.685 -1.725 -1.998 -1.936 -1.85 -1.661 -1.697 -1.727 -1.7 -1.783 -1.798 -1.801 -1.839 -1.862 -1.842 -1.82 -1.772 -1.797 -1.954 -999 -999 -999 -1.794 -1.726 -1.749 -1.777 -1.798 -1.612 -1.409 -1.459 -1.453 -999 -999 -999 -1.554 -999
-999 -1.945 -1.824 -1.873 -1.887 -1.773 -999 -999 -999 -999 -999 -999 -999 -999 -1.605 -1.505 -1.373 -999 -999 -999 -999 -999 -1.644 -1.816 -1.615 -1.288 -1.522 -1.549 -1.626 -1.743 -999 -999 -999 -1.803 -1.703 -1.761 -1.922 -1.725 -1.859 -1.964 -1.791 -1.771 -1.672 -1.653 -1.687 -1.72 -1.735 -1.764 -1.776 -1.783 -1.812 -1.863 -1.803 -1.832 -1.901 -999 -999 -999 -1.756 -1.769 -1.764 -1.779 -1.771 -1.724 -1.502 -1.426 -1.411 -1.399 -1.446 -1.429 -1.384 -999 -1.452 -1.463
-1.932 -1.719 -999 -999 -1.691 -1.762 -999 -999 -999 -999 -999 -1.534 -1.53 -1.592 -1.615 -999 -999 -999 -999 -999 -999 -1.377 -1.682 -1.835 -1.855 -1.669 -1.654 -1.693 -1.767 -999 -999 -999 -999 -999 -1.776 -1.745 -1.789 -999 -1.905 -1.815 -1.709 -1.725 -1.701 -1.646 -1.69 -1.69 -1.748 -1.766 -1.781 -1.772 -1.743 -1.906 -2.015 -999 -999 -1.84 -1.784 -1.78 -1.784 -1.791 -1.786 -1.719 -999 -999 -1.498 -1.42 -1.407 -1.398 -1.448 -1.455 -1.4 -1.421 -999 -1.48
