unittests/MapWinGISTests/Testdata/Issues/MWGIS-94/test.asc
NCOLS 260
NROWS 181
XLLCENTER 125022.500000
YLLCENTER 463067.500000
DX 5
DY 5
NODATA_VALUE -999
[rows 99 to 131 of 181, columns 74 to 147 of 260]
-1.328 -1.549 -1.531 -1.515 -1.524 -1.526 -1.481 -1.463 -1.482 -1.479 -999 -999 -999 -999 -999 -999 -999 -999 -1.681 -1.635 -1.671 -1.655 -1.647 -1.654 -1.651 -1.65 -1.648 -1.66 -1.673 -1.68 -1.666 -1.662 -1.645 -1.644 -1.626 -1.62 -1.596 -1.583 -1.601 -1.683 -1.779 -999 -999 -999 -999 -999 -999 -999 -999 -1.817 -1.765 -1.721 -1.682 -1.641 -1.551 -1.569 -1.604 -1.664 -1.666 -1.651 -1.659 -1.666 -1.614 -1.592 -1.585 -1.633 -1.638 -1.573 -1.557 -1.581 -1.575 -1.53 -1.478 -1.425
-1.52 -1.558 -1.54 -1.503 -1.486 -1.519 -1.581 -999 -999 -999 -999 -999 -999 -999 -999 -1.657 -1.643 -1.585 -1.625 -1.675 -1.692 -1.687 -1.653 -1.64 -1.654 -1.684 -1.687 -1.665 -1.657 -1.652 -1.647 -1.649 -1.634 -1.61 -1.589 -1.558 -1.608 -1.685 -999 -999 -999 -999 -999 -999 -999 -999 -1.785 -1.735 -1.704 -1.684 -1.665 -1.643 -1.62 -1.629 -1.598 -1.584 -1.606 -1.671 -1.66 -1.651 -1.666 -1.651 -1.635 -1.61 -1.545 -1.607 -1.644 -1.625 -1.606 -1.612 -1.571 -1.554 -1.509 -1.528
-1.494 -1.5 -1.473 -1.522 -999 -999 -999 -999 -999 -999 -999 -999 -1.636 -1.636 -1.605 -1.621 -1.641 -1.635 -1.652 -1.654 -1.696 -1.708 -1.677 -1.686 -1.682 -1.677 -1.661 -1.654 -1.649 -1.625 -1.608 -1.612 -1.588 -1.566 -1.618 -1.695 -999 -999 -999 -999 -999 -999 -999 -1.745 -1.718 -1.683 -1.654 -1.652 -1.662 -1.664 -1.662 -1.637 -1.622 -1.642 -1.635 -1.666 -1.695 -1.652 -1.645 -1.629 -1.637 -1.621 -1.633 -1.618 -1.597 -1.639 -1.728 -1.617 -1.612 -1.649 -1.681 -999 -1.637 -1.634
-1.583 -1.6 -999 -999 -999 -999 -999 -999 -999 -999 -1.588 -1.603 -1.617 -1.654 -1.652 -1.658 -1.654 -1.644 -1.63 -1.663 -1.699 -1.735 -1.662 -1.642 -1.64 -1.643 -1.641 -1.617 -1.597 -1.57 -1.546 -1.585 -1.651 -1.766 -999 -999 -999 -999 -999 -999 -1.722 -1.699 -1.656 -1.623 -1.642 -1.634 -1.635 -1.655 -1.655 -1.645 -1.646 -1.624 -1.661 -1.706 -1.695 -1.693 -1.604 -1.613 -1.596 -1.62 -1.618 -1.615 -1.623 -1.634 -1.604 -1.732 -999 -999 -999 -999 -999 -999 -1.562 -1.345
-999 -999 -999 -999 -999 -999 -999 -1.634 -1.617 -1.589 -1.618 -1.652 -1.66 -1.653 -1.653 -1.635 -1.672 -1.691 -1.703 -1.666 -1.629 -1.664 -1.675 -1.632 -1.617 -1.605 -1.584 -1.546 -1.533 -1.608 -1.698 -999 -999 -999 -999 -999 -999 -1.712 -1.667 -1.622 -1.626 -1.638 -1.631 -1.618 -1.631 -1.634 -1.635 -1.643 -1.641 -1.651 -1.669 -1.672 -1.658 -1.648 -1.633 -1.615 -1.615 -1.593 -1.559 -1.544 -1.571 -1.638 -1.644 -1.674 -1.706 -999 -999 -999 -999 -1.64 -1.553 -1.435 -1.382 -999
-999 -999 -999 -999 -1.642 -1.608 -1.597 -1.617 -1.652 -1.671 -1.665 -1.661 -1.654 -1.648 -1.674 -1.699 -1.703 -1.657 -1.635 -1.62 -1.613 -1.6 -1.69 -1.627 -1.567 -1.541 -1.562 -1.694 -1.771 -999 -999 -999 -999 -999 -1.765 -1.669 -1.609 -1.614 -1.654 -1.656 -1.656 -1.644 -1.637 -1.647 -1.64 -1.617 -1.626 -1.687 -1.695 -1.633 -1.632 -1.632 -1.6 -1.563 -1.568 -1.615 -1.64 -1.541 -1.635 -1.675 -1.707 -1.794 -1.787 -1.631 -999 -999 -1.771 -1.682 -1.595 -1.51 -1.387 -999 -1.24 -999
-999 -1.714 -1.621 -1.589 -1.624 -1.645 -1.666 -1.672 -1.674 -1.668 -1.665 -1.687 -1.699 -1.692 -1.659 -1.652 -1.637 -1.624 -1.621 -1.601 -1.578 -1.548 -1.605 -1.655 -1.658 -1.712 -999 -999 -999 -999 -999 -999 -1.755 -1.634 -1.602 -1.608 -1.594 -1.6 -1.642 -1.652 -1.658 -1.652 -1.628 -1.657 -1.679 -1.671 -1.664 -1.644 -1.653 -1.638 -1.617 -1.571 -1.554 -1.615 -1.615 -1.671 -1.753 -1.781 -999 -999 -999 -999 -1.866 -1.671 -1.671 -1.678 -1.62 -999 -999 -1.51 -1.432 -1.257 -1.267 -1.282
-1.615 -1.611 -1.644 -1.663 -1.67 -1.677 -1.668 -1.657 -1.663 -1.696 -1.696 -1.677 -1.663 -1.636 -1.631 -1.63 -1.607 -1.59 -1.575 -1.567 -1.525 -1.573 -1.702 -999 -999 -999 -999 -999 -1.811 -1.694 -1.704 -999 -1.674 -1.574 -1.624 -1.616 -1.612 -1.615 -1.624 -1.67 -1.677 -1.706 -1.696 -1.678 -1.627 -1.623 -1.641 -1.609 -1.569 -1.567 -1.575 -1.593 -1.649 -1.728 -1.776 -999 -999 -999 -999 -999 -1.808 -1.767 -1.737 -1.698 -1.649 -999 -1.513 -1.582 -1.523 -1.503 -1.414 -1.349 -999 -999
-1.664 -1.667 -1.663 -1.659 -1.663 -1.67 -1.69 -1.694 -1.684 -1.666 -1.659 -1.662 -1.656 -1.635 -1.614 -1.598 -1.574 -1.559 -1.545 -1.583 -1.631 -999 -999 -999 -999 -999 -1.699 -1.671 -1.602 -1.597 -1.569 -999 -1.745 -1.585 -1.599 -1.619 -1.608 -1.636 -1.686 -1.696 -1.694 -1.659 -1.655 -1.656 -1.651 -1.63 -1.608 -1.563 -1.602 -1.643 -1.73 -1.794 -999 -999 -999 -999 -999 -1.72 -1.741 -1.73 -1.678 -1.72 -1.713 -1.684 -1.645 -1.613 -1.604 -1.578 -1.528 -999 -999 -999 -999 -999
-1.677 -1.662 -1.651 -1.687 -1.7 -1.704 -1.676 -1.656 -1.66 -1.644 -1.646 -1.626 -1.605 -1.588 -1.574 -1.55 -1.588 -1.656 -999 -999 -999 -999 -999 -1.7 -1.66 -1.617 -1.608 -1.636 -1.638 -1.626 -1.564 -1.701 -999 -1.628 -1.644 -1.676 -1.677 -1.672 -1.668 -1.659 -1.652 -1.649 -1.653 -1.639 -1.631 -1.613 -1.609 -1.66 -1.752 -999 -999 -999 -999 -999 -1.759 -1.71 -1.647 -1.623 -1.601 -1.594 -1.638 -1.724 -1.682 -1.479 -1.617 -1.631 -1.623 -999 -999 -999 -999 -1.465 -1.478 -1.509
-1.692 -1.695 -1.697 -1.687 -1.665 -1.662 -1.66 -1.646 -1.627 -1.609 -1.608 -1.592 -1.566 -1.584 -1.636 -999 -999 -999 -999 -999 -1.77 -1.662 -1.587 -1.562 -1.604 -1.621 -1.63 -1.627 -1.621 -1.631 -1.59 -1.696 -999 -1.77 -1.661 -1.608 -1.613 -1.632 -1.64 -1.642 -1.629 -1.63 -1.614 -1.605 -1.626 -1.723 -1.781 -999 -999 -999 -999 -1.751 -1.703 -1.683 -1.607 -1.582 -1.61 -1.608 -1.626 -1.591 -1.635 -1.754 -1.682 -1.562 -1.675 -1.706 -1.715 -1.726 -1.723 -1.641 -1.642 -1.636 -1.571 -1.629
-1.7 -1.67 -1.666 -1.66 -1.653 -1.642 -1.622 -1.587 -1.594 -1.581 -1.56 -1.611 -1.69 -999 -999 -999 -999 -999 -1.682 -1.63 -1.565 -1.573 -1.576 -1.584 -1.61 -1.634 -1.618 -1.646 -1.657 -1.688 -1.709 -1.71 -999 -1.763 -1.584 -1.616 -1.637 -1.633 -1.611 -1.581 -1.584 -1.599 -1.64 -1.716 -999 -999 -999 -999 -1.753 -1.747 -1.691 -1.605 -1.581 -1.568 -1.599 -1.63 -1.629 -1.627 -1.625 -1.61 -1.652 -1.71 -1.775 -1.704 -1.752 -1.689 -1.683 -1.674 -1.657 -1.677 -1.63 -1.612 -1.542 -1.547
-1.663 -1.65 -1.644 -1.638 -1.621 -1.605 -1.583 -1.552 -1.575 -1.629 -999 -999 -999 -999 -999 -1.712 -1.66 -1.596 -1.58 -1.571 -1.576 -1.608 -1.624 -1.627 -1.646 -1.647 -1.685 -1.701 -1.693 -1.65 -1.614 -1.588 -1.734 -999 -1.608 -1.614 -1.619 -1.607 -1.589 -1.617 -1.703 -1.789 -999 -999 -999 -1.805 -1.755 -1.687 -1.64 -1.601 -1.577 -1.59 -1.616 -1.645 -1.637 -1.613 -1.619 -1.639 -1.62 -1.62 -1.658 -1.667 -1.747 -1.719 -1.756 -1.435 -1.524 -1.532 -1.542 -1.518 -1.481 -1.535 -1.591 -999
-1.617 -1.601 -1.603 -1.595 -1.579 -1.592 -1.64 -1.731 -999 -999 -999 -999 -1.728 -1.667 -1.601 -1.593 -1.579 -1.583 -1.604 -1.614 -1.622 -1.644 -1.663 -1.696 -1.708 -1.698 -1.661 -1.647 -1.651 -1.643 -1.615 -1.582 -1.65 -999 -1.708 -1.607 -1.612 -1.677 -1.778 -999 -999 -999 -1.75 -1.748 -1.688 -1.614 -1.592 -1.581 -1.574 -1.625 -1.648 -1.644 -1.629 -1.62 -1.625 -1.612 -1.605 -1.649 -1.671 -1.673 -1.642 -1.605 -1.614 -1.734 -1.61 -1.63 -1.455 -1.423 -1.534 -1.637 -1.7 -999 -999 -1.702
-1.567 -1.564 -1.606 -1.631 -1.685 -999 -999 -999 -999 -999 -1.699 -1.62 -1.57 -1.574 -1.571 -1.59 -1.618 -1.623 -1.643 -1.65 -1.677 -1.701 -1.725 -1.698 -1.676 -1.658 -1.643 -1.645 -1.639 -1.62 -1.592 -1.587 -1.654 -1.785 -1.74 -1.703 -999 -999 -999 -1.895 -1.833 -1.702 -1.602 -1.588 -1.56 -1.561 -1.592 -1.631 -1.635 -1.633 -1.638 -1.633 -1.627 -1.624 -1.633 -1.652 -1.664 -1.656 -1.627 -1.614 -1.613 -1.604 -1.566 -1.738 -1.518 -1.608 -1.523 -1.62 -999 -999 -999 -1.629 -1.572 -1.485
-1.627 -1.71 -999 -999 -999 -999 -999 -1.739 -1.667 -1.58 -1.573 -1.571 -1.588 -1.608 -1.61 -1.635 -1.64 -1.659 -1.702 -1.71 -1.696 -1.679 -1.68 -1.652 -1.651 -1.644 -1.644 -1.638 -1.607 -1.602 -1.615 -1.68 -1.735 -1.798 -999 -999 -999 -1.799 -1.743 -1.807 -1.83 -1.718 -1.588 -1.565 -1.593 -1.626 -1.626 -1.619 -1.623 -1.612 -1.608 -1.613 -1.647 -1.662 -1.664 -1.62 -1.632 -1.62 -1.61 -1.57 -1.543 -1.512 -1.608 -1.798 -1.607 -1.646 -999 -999 -999 -1.622 -1.545 -1.458 -1.414 -1.383
-999 -999 -999 -999 -999 -1.68 -1.62 -1.584 -1.592 -1.582 -1.598 -1.61 -1.627 -1.633 -1.647 -1.683 -1.693 -1.695 -1.686 -1.682 -1.667 -1.652 -1.634 -1.64 -1.615 -1.61 -1.598 -1.598 -1.602 -1.693 -1.768 -999 -999 -999 -1.756 -1.748 -1.695 -1.655 -1.598 -1.755 -1.843 -1.742 -1.601 -1.608 -1.624 -1.626 -1.622 -1.623 -1.636 -1.64 -1.658 -1.657 -1.636 -1.611 -1.601 -1.58 -1.594 -1.567 -1.526 -1.562 -1.658 -1.773 -999 -999 -999 -999 -999 -1.596 -1.491 -1.435 -1.417 -1.391 -1.301 -1.228
-999 -999 -1.83 -1.696 -1.606 -1.6 -1.617 -1.619 -1.604 -1.609 -1.623 -1.635 -1.673 -1.696 -1.705 -1.677 -1.651 -1.641 -1.644 -1.646 -1.634 -1.618 -1.612 -1.609 -1.607 -1.592 -1.652 -1.735 -999 -999 -999 -1.778 -1.756 -1.659 -1.611 -1.56 -1.594 -1.575 -1.561 -1.595 -1.776 -1.784 -1.602 -1.62 -1.611 -1.61 -1.648 -1.669 -1.669 -1.653 -1.634 -1.613 -1.607 -1.586 -1.551 -1.536 -1.488 -1.544 -1.645 -1.779 -999 -999 -999 -999 -1.683 -1.598 -1.49 -1.415 -1.405 -1.373 -1.286 -1.233 -1.225 -1.185
-1.725 -1.797 -1.789 -1.608 -1.616 -1.613 -1.628 -1.636 -1.629 -1.632 -1.68 -1.705 -1.706 -1.67 -1.647 -1.644 -1.629 -1.62 -1.594 -1.587 -1.593 -1.595 -1.612 -1.695 -1.756 -1.787 -999 -999 -999 -1.759 -1.692 -1.645 -1.598 -1.547 -1.561 -1.577 -1.587 -1.586 -1.614 -1.592 -1.701 -1.814 -1.615 -1.632 -1.659 -1.671 -1.655 -1.638 -1.631 -1.634 -1.621 -1.589 -1.577 -1.545 -1.532 -1.606 -1.719 -999 -999 -999 -999 -999 -1.651 -1.539 -1.44 -1.4 -1.38 -1.341 -1.26 -1.218 -1.211 -1.18 -1.189 -1.247
-1.62 -1.678 -1.825 -1.71 -1.617 -1.625 -1.612 -1.647 -1.697 -1.709 -1.666 -1.659 -1.66 -1.64 -1.626 -1.632 -1.599 -1.593 -1.564 -1.569 -1.637 -1.701 -1.777 -999 -999 -999 -1.79 -1.745 -1.66 -1.592 -1.55 -1.591 -1.579 -1.606 -1.614 -1.62 -1.621 -1.617 -1.617 -1.618 -1.657 -1.823 -1.743 -1.614 -1.598 -1.597 -1.603 -1.619 -1.611 -1.611 -1.594 -1.548 -1.549 -1.646 -1.746 -999 -999 -999 -999 -999 -1.636 -1.467 -1.367 -1.341 -1.349 -1.298 -1.223 -1.201 -1.201 -1.189 -1.209 -1.263 -1.303 -1.377
-1.613 -1.621 -1.762 -1.756 -1.656 -1.703 -1.708 -1.684 -1.674 -1.661 -1.653 -1.643 -1.636 -1.61 -1.602 -1.599 -1.59 -1.611 -1.668 -1.74 -999 -999 -999 -1.794 -1.741 -1.698 -1.623 -1.569 -1.583 -1.575 -1.604 -1.632 -1.638 -1.638 -1.612 -1.612 -1.617 -1.616 -1.648 -1.674 -1.695 -1.808 -1.788 -1.58 -1.578 -1.564 -1.561 -1.604 -1.561 -1.539 -1.577 -1.695 -999 -999 -999 -999 -999 -1.711 -1.602 -1.427 -1.324 -1.311 -1.31 -1.241 -1.168 -1.176 -1.189 -1.192 -1.252 -1.313 -1.351 -1.411 -1.503 -1.62
-1.621 -1.646 -1.795 -1.865 -1.775 -1.657 -1.64 -1.649 -1.652 -1.641 -1.615 -1.599 -1.589 -1.586 -1.591 -1.667 -1.682 -999 -999 -999 -999 -1.718 -1.665 -1.6 -1.571 -1.556 -1.549 -1.6 -1.616 -1.629 -1.641 -1.646 -1.643 -1.64 -1.615 -1.629 -1.665 -1.692 -1.671 -1.645 -1.633 -1.732 -1.797 -1.61 -1.559 -1.574 -1.531 -1.537 -1.579 -1.684 -999 -999 -999 -999 -999 -1.654 -1.59 -1.447 -1.325 -1.291 -1.283 -1.207 -1.13 -1.157 -1.2 -1.202 -1.243 -1.318 -1.385 -1.452 -1.537 -1.644 -1.643 -1.611
-1.731 -1.713 -1.654 -1.789 -1.782 -1.641 -1.626 -1.609 -1.615 -1.599 -1.582 -1.593 -1.629 -1.721 -999 -999 -999 -999 -1.758 -1.703 -1.605 -1.573 -1.543 -1.548 -1.568 -1.597 -1.61 -1.621 -1.636 -1.664 -1.645 -1.627 -1.645 -1.67 -1.673 -1.675 -1.66 -1.664 -1.635 -1.635 -1.604 -1.628 -1.782 -1.698 -1.558 -1.606 -1.648 -999 -999 -999 -999 -999 -999 -1.686 -1.56 -1.408 -1.317 -1.286 -1.267 -1.184 -1.11 -1.159 -1.214 -1.21 -1.255 -1.354 -1.426 -1.523 -1.608 -1.669 -1.676 -1.637 -1.638 -1.619
-1.66 -1.648 -1.621 -1.704 -1.783 -1.678 -1.585 -1.563 -1.548 -1.625 -1.703 -1.751 -999 -999 -999 -1.781 -1.726 -1.661 -1.588 -1.534 -1.518 -1.55 -1.581 -1.585 -1.606 -1.634 -1.648 -1.633 -1.639 -1.641 -1.656 -1.665 -1.658 -1.65 -1.658 -1.643 -1.638 -1.597 -1.597 -1.589 -1.568 -1.535 -1.742 -999 -999 -999 -999 -999 -999 -999 -1.68 -1.646 -1.577 -1.424 -1.295 -1.282 -1.263 -1.178 -1.135 -1.183 -1.241 -1.24 -1.254 -1.364 -1.485 -1.608 -1.662 -1.689 -1.653 -1.613 -1.624 -1.607 -1.635 -1.669
-1.619 -1.601 -1.596 -1.64 -1.718 -1.666 -1.635 -1.648 -1.722 -999 -999 -999 -1.813 -1.751 -1.71 -1.609 -1.588 -1.531 -1.556 -1.579 -1.586 -1.605 -1.624 -1.618 -1.63 -1.624 -1.641 -1.672 -1.675 -1.675 -1.659 -1.645 -1.637 -1.623 -1.624 -1.599 -1.586 -1.569 -1.552 -1.556 -1.622 -999 -999 -999 -999 -999 -999 -999 -1.68 -1.656 -1.548 -1.419 -1.309 -1.267 -1.242 -1.199 -1.158 -1.223 -1.266 -1.287 -1.332 -1.439 -1.554 -1.634 -1.64 -1.632 -1.52 -1.507 -1.569 -1.692 -1.679 -1.676 -1.703 -999
-1.598 -1.572 -1.591 -1.626 -1.716 -1.784 -999 -999 -999 -999 -1.821 -1.743 -1.628 -1.581 -1.565 -1.553 -1.603 -1.607 -1.635 -1.635 -1.62 -1.624 -1.633 -1.636 -1.658 -1.663 -1.682 -1.67 -1.666 -1.647 -1.634 -1.605 -1.594 -1.571 -1.546 -1.549 -1.524 -1.552 -1.641 -1.779 -999 -999 -999 -999 -999 -1.743 -1.663 -1.623 -1.565 -1.395 -1.3 -1.275 -1.239 -1.205 -1.209 -1.237 -1.275 -1.32 -1.379 -1.481 -1.608 -1.658 -1.612 -1.561 -1.525 -1.491 -1.497 -1.612 -1.694 -1.731 -999 -999 -999 -999
-1.578 -1.56 -1.644 -1.762 -999 -999 -999 -1.801 -1.756 -1.715 -1.645 -1.571 -1.571 -1.576 -1.616 -1.629 -1.652 -1.652 -1.652 -1.644 -1.632 -1.631 -1.66 -1.668 -1.668 -1.664 -1.659 -1.641 -1.628 -1.612 -1.578 -1.565 -1.53 -1.507 -1.49 -1.618 -1.725 -999 -999 -999 -999 -999 -1.774 -1.709 -1.689 -1.645 -1.502 -1.333 -1.278 -1.263 -1.238 -1.211 -1.222 -1.249 -1.29 -1.355 -1.438 -1.535 -1.598 -1.651 -1.514 -1.515 -1.474 -1.516 -1.548 -1.593 -1.654 -999 -999 -999 -999 -999 -999 -999
-1.671 -1.763 -999 -999 -999 -1.718 -1.715 -1.627 -1.569 -1.558 -1.609 -1.629 -1.638 -1.619 -1.66 -1.657 -1.655 -1.657 -1.656 -1.675 -1.68 -1.676 -1.671 -1.664 -1.646 -1.629 -1.612 -1.601 -1.571 -1.566 -1.541 -1.548 -1.572 -1.645 -999 -999 -999 -999 -999 -999 -1.673 -1.623 -1.648 -1.635 -1.49 -1.342 -1.251 -1.237 -1.217 -1.21 -1.24 -1.276 -1.336 -1.418 -1.529 -1.599 -1.574 -1.52 -1.494 -1.493 -1.522 -1.531 -1.586 -1.621 -1.659 -999 -999 -999 -999 -999 -999 -999 -1.38 -1.489
-999 -999 -999 -1.733 -1.632 -1.671 -1.755 -1.705 -1.579 -1.606 -1.666 -1.692 -1.678 -1.641 -1.655 -1.654 -1.662 -1.673 -1.688 -1.684 -1.671 -1.665 -1.644 -1.638 -1.614 -1.597 -1.572 -1.55 -1.516 -1.553 -1.592 -999 -999 -999 -999 -999 -999 -1.697 -1.626 -1.587 -1.563 -1.533 -1.463 -1.313 -1.238 -1.221 -1.202 -1.203 -1.237 -1.301 -1.393 -1.473 -1.571 -1.604 -1.58 -1.493 -1.504 -1.512 -1.523 -1.573 -1.585 -1.595 -999 -999 -999 -999 -999 -999 -999 -999 -999 -999 -1.55 -1.687
-1.75 -1.677 -1.574 -1.549 -1.573 -1.646 -1.764 -1.778 -1.672 -1.633 -1.637 -1.697 -1.686 -1.691 -1.683 -1.703 -1.693 -1.679 -1.67 -1.643 -1.633 -1.632 -1.604 -1.584 -1.577 -1.541 -1.52 -1.561 -1.642 -999 -999 -999 -999 -999 -1.732 -1.664 -1.617 -1.578 -1.574 -1.541 -1.461 -1.343 -1.258 -1.228 -1.201 -1.2 -1.239 -1.319 -1.429 -1.543 -1.599 -1.551 -1.506 -1.501 -1.484 -1.522 -1.521 -1.566 -1.603 -1.623 -999 -999 -999 -999 -999 -999 -999 -1.68 -1.659 -1.58 -1.653 -999 -1.652 -1.696
-1.525 -1.537 -1.56 -1.58 -1.61 -1.615 -1.643 -1.761 -1.727 -1.629 -1.667 -1.719 -1.744 -1.719 -1.662 -1.69 -1.663 -1.644 -1.623 -1.589 -1.587 -1.567 -1.548 -1.504 -1.529 -1.564 -999 -999 -999 -999 -999 -999 -1.658 -1.647 -1.643 -1.618 -1.574 -1.516 -1.418 -1.349 -1.297 -1.254 -1.227 -1.238 -1.281 -1.343 -1.445 -1.534 -1.584 -1.562 -1.476 -1.439 -1.495 -1.547 -1.561 -1.567 -1.66 -999 -999 -999 -999 -999 -999 -999 -1.72 -1.651 -1.602 -1.569 -1.572 -1.561 -1.646 -999 -1.729 -1.754
-1.581 -1.603 -1.617 -1.617 -1.621 -1.627 -1.603 -1.739 -1.787 -1.716 -1.671 -1.722 -1.724 -1.711 -1.629 -1.648 -1.619 -1.582 -1.573 -1.57 -1.527 -1.551 -1.559 -999 -999 -999 -999 -999 -999 -1.683 -1.663 -1.635 -1.658 -1.643 -1.594 -1.491 -1.385 -1.356 -1.332 -1.29 -1.265 -1.283 -1.315 -1.379 -1.502 -1.585 -1.644 -1.53 -1.396 -1.407 -1.448 -1.522 -1.587 -1.604 -999 -999 -999 -999 -999 -999 -999 -999 -1.666 -1.61 -1.569 -1.57 -1.565 -1.568 -1.572 -1.592 -1.643 -999 -1.684 -1.642
-1.609 -1.626 -1.628 -1.616 -1.618 -1.66 -1.659 -1.693 -1.785 -1.731 -1.622 -1.694 -1.705 -1.715 -1.621 -1.563 -1.562 -1.527 -1.529 -1.635 -999 -999 -999 -999 -999 -999 -999 -1.647 -1.641 -1.639 -1.657 -1.649 -1.582 -1.449 -1.356 -1.324 -1.318 -1.305 -1.314 -1.328 -1.36 -1.421 -1.482 -1.486 -1.581 -1.444 -1.366 -1.491 -1.573 -1.604 -1.61 -1.637 -999 -999 -999 -999 -999 -999 -999 -1.742 -1.665 -1.594 -1.556 -1.564 -1.558 -1.579 -1.595 -1.607 -1.611 -1.617 -1.642 -999 -1.676 -1.603
